   No     Tinit     Trise        D0           lonR           latR             dR         L         W    strike       dip      rake         x         y
    1     15.00     11.00     0.149      26.261110      37.822941      27.492390      5.00      5.00    65.740    71.611  -179.319    -50.00    -20.00
    2     13.00     12.00     0.220      26.317841      37.820850      27.492390      5.00      5.00   191.563    52.782    72.300    -45.00    -20.00
    3     12.00     10.00     0.351      26.374559      37.818722      27.492390      5.00      5.00    70.731    46.304    99.804    -40.00    -20.00
    4     11.00     12.00     0.386      26.431280      37.816570      27.492390      5.00      5.00    64.070    46.773    79.914    -35.00    -20.00
    5      9.00     13.00     0.360      26.488001      37.814400      27.492390      5.00      5.00   274.607    50.089   125.078    -30.00    -20.00
    6      8.00     11.00     0.329      26.544720      37.812191      27.492390      5.00      5.00   279.167    49.987   131.390    -25.00    -20.00
    7      7.00     10.00     0.235      26.601431      37.809959      27.492390      5.00      5.00    52.339    56.165    47.380    -20.00    -20.00
    8      6.00     10.00     0.199      26.658140      37.807701      27.492390      5.00      5.00    69.639    46.528    47.365    -15.00    -20.00
    9      5.00     12.00     0.279      26.714840      37.805408      27.492390      5.00      5.00    79.355    50.676    65.677    -10.00    -20.00
   10      5.00     11.00     0.279      26.771540      37.803101      27.492390      5.00      5.00    91.728    50.248    81.410     -5.00    -20.00
   11      5.00     10.00     0.225      26.828239      37.800758      27.492390      5.00      5.00    85.548    50.774    70.771      0.00    -20.00
   12      5.00     11.00     0.184      26.884930      37.798389      27.492390      5.00      5.00    87.484    48.260    64.299      5.00    -20.00
   13      5.00     11.00     0.226      26.941620      37.796001      27.492390      5.00      5.00   198.185    30.171    96.613     10.00    -20.00
   14      6.00     12.00     0.247      26.998310      37.793571      27.492390      5.00      5.00   248.628    41.948   113.593     15.00    -20.00
   15      7.00     12.00     0.299      27.054991      37.791119      27.492390      5.00      5.00    66.739    47.742    81.233     20.00    -20.00
   16      8.00     10.00     0.423      27.111670      37.788639      27.492390      5.00      5.00   100.697    52.370   120.303     25.00    -20.00
   17      9.00      8.00     0.339      27.168341      37.786140      27.492390      5.00      5.00    96.876    55.613   111.327     30.00    -20.00
   18     11.00      5.00     0.240      27.225019      37.783611      27.492390      5.00      5.00    90.187    46.132   102.649     35.00    -20.00
   19     11.00     12.00     0.253      27.281679      37.781052      27.492390      5.00      5.00   177.882    12.212   102.108     40.00    -20.00
   20     13.00     12.00     0.338      27.338350      37.778461      27.492390      5.00      5.00   212.146     9.576   134.498     45.00    -20.00
   21     15.00     12.00     0.216      27.395010      37.775841      27.492390      5.00      5.00   177.078    12.500    75.982     50.00    -20.00
   22     14.00     12.00     0.196      26.262381      37.844761      23.119301      5.00      5.00    64.823    78.302  -179.071    -50.00    -15.00
   23     12.00     12.00     0.335      26.319130      37.842659      23.119301      5.00      5.00   192.127    58.082    75.718    -45.00    -15.00
   24     12.00     11.00     0.409      26.375870      37.840542      23.119301      5.00      5.00    54.827    34.292   103.932    -40.00    -15.00
   25     10.00     11.00     0.403      26.432610      37.838390      23.119301      5.00      5.00   251.798    48.818   106.529    -35.00    -15.00
   26      8.00     13.00     0.394      26.489340      37.836208      23.119301      5.00      5.00   269.511    53.192   143.129    -30.00    -15.00
   27      8.00     12.00     0.325      26.546070      37.834011      23.119301      5.00      5.00   271.491    51.817   152.246    -25.00    -15.00
   28      6.00     12.00     0.217      26.602800      37.831772      23.119301      5.00      5.00   301.726     8.857  -134.464    -20.00    -15.00
   29      5.00     12.00     0.251      26.659519      37.829510      23.119301      5.00      5.00    51.969    16.989    -7.198    -15.00    -15.00
   30      5.00     12.00     0.228      26.716249      37.827229      23.119301      5.00      5.00   314.883    86.878   127.389    -10.00    -15.00
   31      4.00     12.00     0.186      26.772961      37.824909      23.119301      5.00      5.00   308.814    77.338   138.467     -5.00    -15.00
   32      4.00     11.00     0.158      26.829679      37.822571      23.119301      5.00      5.00    77.960    29.466    44.351      0.00    -15.00
   33      4.00     12.00     0.203      26.886391      37.820202      23.119301      5.00      5.00   158.817    18.231    82.447      5.00    -15.00
   34      5.00     12.00     0.273      26.943090      37.817799      23.119301      5.00      5.00   190.368    24.267   104.824     10.00    -15.00
   35      5.00     11.00     0.285      26.999800      37.815380      23.119301      5.00      5.00   212.804    30.879   129.671     15.00    -15.00
   36      6.00     10.00     0.287      27.056499      37.812931      23.119301      5.00      5.00   256.579    45.311   113.166     20.00    -15.00
   37      8.00     12.00     0.441      27.113190      37.810452      23.119301      5.00      5.00   103.818    56.655   128.507     25.00    -15.00
   38      8.00     12.00     0.372      27.169880      37.807941      23.119301      5.00      5.00    97.347    58.985   111.969     30.00    -15.00
   39     10.00     10.00     0.142      27.226570      37.805408      23.119301      5.00      5.00    59.985    49.673    77.831     35.00    -15.00
   40     12.00     11.00     0.329      27.283260      37.802849      23.119301      5.00      5.00   201.866     9.149   113.238     40.00    -15.00
   41     12.00     12.00     0.461      27.339939      37.800259      23.119301      5.00      5.00   227.121     7.916   142.635     45.00    -15.00
   42     14.00     12.00     0.284      27.396610      37.797649      23.119301      5.00      5.00   229.047    15.056   123.562     50.00    -15.00
   43     15.00     11.00     0.195      26.263651      37.866570      18.746201      5.00      5.00    61.262    56.574  -178.757    -50.00    -10.00
   44     12.00     13.00     0.367      26.320419      37.864479      18.746201      5.00      5.00   178.655    70.521    72.024    -45.00    -10.00
   45     11.00     11.00     0.349      26.377171      37.862350      18.746201      5.00      5.00   208.608    69.616    92.188    -40.00    -10.00
   46      9.00     13.00     0.294      26.433929      37.860199      18.746201      5.00      5.00   250.968    85.144   146.582    -35.00    -10.00
   47      9.00     11.00     0.430      26.490681      37.858028      18.746201      5.00      5.00   123.360    71.096   -79.523    -30.00    -10.00
   48      8.00      9.00     0.545      26.547430      37.855820      18.746201      5.00      5.00   129.419    67.200   -68.843    -25.00    -10.00
   49      6.00     10.00     0.575      26.604170      37.853588      18.746201      5.00      5.00   121.333    67.111   -76.542    -20.00    -10.00
   50      5.00     10.00     0.559      26.660910      37.851330      18.746201      5.00      5.00   115.599    69.197   -80.581    -15.00    -10.00
   51      3.00     10.00     0.464      26.717649      37.849041      18.746201      5.00      5.00   113.243    64.983   -93.433    -10.00    -10.00
   52      2.00     12.00     0.563      26.774389      37.846722      18.746201      5.00      5.00   105.342    61.464   -93.900     -5.00    -10.00
   53      2.00     10.00     0.510      26.831120      37.844379      18.746201      5.00      5.00   107.317    58.632   -83.074      0.00    -10.00
   54      3.00     11.00     0.472      26.887840      37.842010      18.746201      5.00      5.00   118.144    59.135   -57.240      5.00    -10.00
   55      3.00     11.00     0.442      26.944571      37.839611      18.746201      5.00      5.00   127.688    65.805   -39.922     10.00    -10.00
   56      5.00      7.00     0.293      27.001289      37.837189      18.746201      5.00      5.00   137.289    83.617   -38.384     15.00    -10.00
   57      5.00      5.00     0.134      27.058001      37.834740      18.746201      5.00      5.00   229.277    45.783   173.867     20.00    -10.00
   58      7.00     10.00     0.187      27.114719      37.832260      18.746201      5.00      5.00    92.814    16.291  -175.480     25.00    -10.00
   59      8.00     12.00     0.102      27.171419      37.829750      18.746201      5.00      5.00    95.475    15.631   -99.406     30.00    -10.00
   60      9.00     12.00     0.182      27.228130      37.827221      18.746201      5.00      5.00   128.745    62.000   -52.116     35.00    -10.00
   61     11.00     11.00     0.378      27.284830      37.824650      18.746201      5.00      5.00   251.177    36.780  -160.089     40.00    -10.00
   62     12.00     12.00     0.470      27.341530      37.822071      18.746201      5.00      5.00   263.434    11.893  -168.402     45.00    -10.00
   63     14.00     11.00     0.316      27.398220      37.819450      18.746201      5.00      5.00   256.492    11.150   170.789     50.00    -10.00
   64     14.00     11.00     0.171      26.264931      37.888390      14.373100      5.00      5.00   322.992    33.692    10.006    -50.00     -5.00
   65     13.00     11.00     0.365      26.321711      37.886292      14.373100      5.00      5.00   316.794    62.259   -24.317    -45.00     -5.00
   66     11.00     12.00     0.603      26.378481      37.884171      14.373100      5.00      5.00    63.448    69.221  -132.641    -40.00     -5.00
   67      9.00     12.00     0.647      26.435249      37.882019      14.373100      5.00      5.00    86.113    59.644  -106.052    -35.00     -5.00
   68      8.00      9.00     0.944      26.492020      37.879841      14.373100      5.00      5.00   110.428    59.805   -75.002    -30.00     -5.00
   69      7.00     10.00     1.174      26.548790      37.877628      14.373100      5.00      5.00   111.672    59.292   -72.700    -25.00     -5.00
   70      6.00     10.00     1.202      26.605551      37.875401      14.373100      5.00      5.00   109.662    61.558   -75.752    -20.00     -5.00
   71      6.00      9.00     1.127      26.662310      37.873138      14.373100      5.00      5.00   107.389    61.582   -80.863    -15.00     -5.00
   72      2.00     11.00     1.146      26.719061      37.870850      14.373100      5.00      5.00   102.920    57.284   -90.215    -10.00     -5.00
   73      1.00     12.00     1.336      26.775810      37.868530      14.373100      5.00      5.00    99.429    54.221   -94.999     -5.00     -5.00
   74      1.00     11.00     1.332      26.832560      37.866192      14.373100      5.00      5.00    98.610    52.006   -92.576      0.00     -5.00
   75      2.00     10.00     1.193      26.889299      37.863819      14.373100      5.00      5.00   100.885    50.728   -83.668      5.00     -5.00
   76      2.00     10.00     0.895      26.946039      37.861420      14.373100      5.00      5.00   105.892    50.273   -71.476     10.00     -5.00
   77      4.00      9.00     0.595      27.002781      37.859001      14.373100      5.00      5.00   109.720    51.345   -61.295     15.00     -5.00
   78      5.00     12.00     0.405      27.059509      37.856541      14.373100      5.00      5.00    85.792    47.870   -88.595     20.00     -5.00
   79      7.00     11.00     0.384      27.116240      37.854061      14.373100      5.00      5.00    63.909    46.548  -125.706     25.00     -5.00
   80      8.00     12.00     0.436      27.172970      37.851559      14.373100      5.00      5.00    80.500    44.248  -100.751     30.00     -5.00
   81      9.00     11.00     0.474      27.229691      37.849018      14.373100      5.00      5.00   110.186    49.518   -66.559     35.00     -5.00
   82     11.00     11.00     0.622      27.286400      37.846458      14.373100      5.00      5.00   125.342    61.238   -53.497     40.00     -5.00
   83     12.00     12.00     0.592      27.343121      37.843868      14.373100      5.00      5.00   131.655    69.079   -56.852     45.00     -5.00
   84     14.00     12.00     0.351      27.399830      37.841251      14.373100      5.00      5.00   266.709    24.612  -156.838     50.00     -5.00
   85     14.00     12.00     0.218      26.266199      37.910210      10.000000      5.00      5.00   309.853    35.838   -10.917    -50.00      0.00
   86     13.00     12.00     0.496      26.323000      37.908112      10.000000      5.00      5.00    61.076    66.070  -130.971    -45.00      0.00
   87     11.00     12.00     0.958      26.379789      37.905991      10.000000      5.00      5.00    71.921    59.081  -115.377    -40.00      0.00
   88     10.00     11.00     1.197      26.436581      37.903831      10.000000      5.00      5.00    86.501    55.572   -98.179    -35.00      0.00
   89      9.00     10.00     1.420      26.493361      37.901649      10.000000      5.00      5.00   102.342    55.944   -77.915    -30.00      0.00
   90      8.00      9.00     1.668      26.550140      37.899448      10.000000      5.00      5.00   107.485    58.222   -73.183    -25.00      0.00
   91      6.00     10.00     1.833      26.606920      37.897209      10.000000      5.00      5.00   107.313    59.862   -75.321    -20.00      0.00
   92      4.00     11.00     1.796      26.663700      37.894951      10.000000      5.00      5.00   104.421    59.150   -82.370    -15.00      0.00
   93      3.00     10.00     1.784      26.720470      37.892658      10.000000      5.00      5.00   102.295    55.558   -90.176    -10.00      0.00
   94      2.00     11.00     1.906      26.777241      37.890339      10.000000      5.00      5.00   100.890    53.587   -94.075     -5.00      0.00
   95      2.00     10.00     1.888      26.834000      37.888000      10.000000      5.00      5.00   102.399    51.925   -90.490      0.00      0.00
   96      2.00     10.00     1.687      26.890760      37.885632      10.000000      5.00      5.00   104.190    50.738   -83.914      5.00      0.00
   97      3.00      9.00     1.376      26.947519      37.883228      10.000000      5.00      5.00   101.761    48.510   -80.412     10.00      0.00
   98      4.00     10.00     0.969      27.004271      37.880798      10.000000      5.00      5.00    96.500    46.650   -80.497     15.00      0.00
   99      6.00     10.00     0.691      27.061020      37.878349      10.000000      5.00      5.00    73.224    44.545  -102.006     20.00      0.00
  100      7.00     10.00     0.660      27.117769      37.875870      10.000000      5.00      5.00    65.438    45.435  -113.824     25.00      0.00
  101      9.00     11.00     0.738      27.174509      37.873360      10.000000      5.00      5.00    79.814    44.670  -101.416     30.00      0.00
  102      9.00     12.00     0.780      27.231251      37.870831      10.000000      5.00      5.00   103.647    46.321   -73.291     35.00      0.00
  103     11.00     12.00     0.847      27.287979      37.868259      10.000000      5.00      5.00   115.660    57.165   -60.934     40.00      0.00
  104     13.00     11.00     0.775      27.344709      37.865669      10.000000      5.00      5.00   122.646    63.164   -59.069     45.00      0.00
  105     14.00     12.00     0.431      27.401440      37.863060      10.000000      5.00      5.00   128.444    66.598   -57.067     50.00      0.00
  106     14.00     12.00     0.253      26.267481      37.932018       5.626900      5.00      5.00   298.458    35.557   -22.121    -50.00      5.00
  107     13.00     11.00     0.641      26.324289      37.929932       5.626900      5.00      5.00    65.481    62.598  -122.663    -45.00      5.00
  108     11.00     11.00     1.163      26.381100      37.927799       5.626900      5.00      5.00    75.022    57.513  -110.288    -40.00      5.00
  109     10.00     11.00     1.451      26.437901      37.925652       5.626900      5.00      5.00    87.195    53.854   -94.715    -35.00      5.00
  110      9.00     10.00     1.742      26.494699      37.923470       5.626900      5.00      5.00   101.253    54.652   -77.255    -30.00      5.00
  111      7.00     11.00     1.982      26.551500      37.921261       5.626900      5.00      5.00   106.245    57.905   -73.107    -25.00      5.00
  112      5.00     11.00     2.252      26.608299      37.919022       5.626900      5.00      5.00   107.284    59.454   -74.680    -20.00      5.00
  113      4.00     10.00     2.237      26.665091      37.916759       5.626900      5.00      5.00   104.146    56.758   -80.726    -15.00      5.00
  114      3.00     10.00     2.214      26.721880      37.914471       5.626900      5.00      5.00   102.650    54.906   -88.034    -10.00      5.00
  115      2.00     10.00     2.296      26.778660      37.912151       5.626900      5.00      5.00   103.045    52.997   -91.035     -5.00      5.00
  116      2.00     10.00     2.275      26.835440      37.909809       5.626900      5.00      5.00   103.719    51.767   -88.522      0.00      5.00
  117      2.00     10.00     2.082      26.892220      37.907440       5.626900      5.00      5.00   104.102    50.761   -84.150      5.00      5.00
  118      3.00     10.00     1.710      26.948990      37.905041       5.626900      5.00      5.00    99.864    47.561   -84.053     10.00      5.00
  119      4.00     12.00     1.290      27.005760      37.902611       5.626900      5.00      5.00    89.254    45.319   -87.905     15.00      5.00
  120      6.00     10.00     0.889      27.062531      37.900162       5.626900      5.00      5.00    71.827    45.720  -100.036     20.00      5.00
  121      9.00     10.00     0.871      27.119289      37.897678       5.626900      5.00      5.00    69.311    43.627  -108.592     25.00      5.00
  122      8.00     13.00     1.023      27.176050      37.895168       5.626900      5.00      5.00    78.664    42.348  -102.770     30.00      5.00
  123      9.00     12.00     0.872      27.232800      37.892632       5.626900      5.00      5.00    96.246    44.883   -81.564     35.00      5.00
  124     11.00     12.00     0.991      27.289560      37.890072       5.626900      5.00      5.00   111.726    54.920   -65.419     40.00      5.00
  125     13.00     10.00     0.846      27.346300      37.887482       5.626900      5.00      5.00   117.300    59.100   -62.793     45.00      5.00
  126     14.00     12.00     0.527      27.403040      37.884861       5.626900      5.00      5.00   123.653    65.462   -61.256     50.00      5.00
