      xloc      yloc          depth         ave SR         max SR         #     start       end     max SR all       strike 1       strike 2          dip 1          dip 2         rake 1         rake 2
    -50.00    -20.00      27.492390       0.040079       0.040079        24      23.0      24.0       0.292048     103.489998     352.779999      55.820000      62.490002    -146.059998     -39.299999
    -50.00    -15.00      23.119301       0.040692       0.040692        24      23.0      24.0       0.292048     113.379997     356.679993      23.070000      79.169998    -151.330002     -69.510002
    -50.00    -10.00      18.746201       0.033064       0.033064        24      23.0      24.0       0.292048      93.889999     318.559998      34.259998      64.160004    -129.250000     -66.690002
    -50.00     -5.00      14.373100       0.013424       0.013424        24      23.0      24.0       0.292048     345.910004     246.149994      82.879997      36.380001      54.230000     167.940002
    -50.00      0.00      10.000000       0.039999       0.039999        24      23.0      24.0       0.292048      74.430000     273.760010      53.320000      38.290001      78.169998     105.389999
    -50.00      5.00       5.626900       0.046507       0.046507        24      23.0      24.0       0.292048      88.809998     273.940002      49.189999      40.919998      86.639999      93.879997
    -45.00    -20.00      27.492390       0.037162       0.037162        24      23.0      24.0       0.292048     211.339996      53.160000      89.360001       0.690000      89.739998     111.820000
    -45.00    -15.00      23.119301       0.014790       0.014790        24      23.0      24.0       0.292048     117.570000     353.640015      10.030000      84.360001    -145.660004     -81.690002
    -45.00    -10.00      18.746201       0.024538       0.024538        24      23.0      24.0       0.292048      59.070000     323.869995      29.330000      87.080002    -174.029999     -60.799999
    -45.00     -5.00      14.373100       0.015657       0.015657        24      23.0      24.0       0.292048     137.429993     343.600006      61.259998      31.420000      76.709999     112.739998
    -45.00      0.00      10.000000       0.038188       0.038188        24      23.0      24.0       0.292048     107.669998     248.800003      56.810001      40.029999     113.800003      58.320000
    -45.00      5.00       5.626900       0.013652       0.013652        24      23.0      24.0       0.292048      70.230003     282.160004      45.770000      48.919998      66.510002     112.269997
    -40.00    -20.00      27.492390       0.000366       0.000366        24      23.0      24.0       0.292048      53.660000     275.739990      35.580002      62.040001    -126.290001     -67.050003
    -40.00    -15.00      23.119301       0.000519       0.000519        24      23.0      24.0       0.292048      69.089996     299.920013      54.450001      48.520000    -125.510002     -50.889999
    -40.00    -10.00      18.746201       0.000000       0.000000        24      23.0      24.0       0.292048     180.000000     360.000000      45.000000      45.000000      90.000000      90.000000
    -40.00     -5.00      14.373100       0.000000       0.000000        24      23.0      24.0       0.292048     180.000000     360.000000      45.000000      45.000000      90.000000      90.000000
    -40.00      0.00      10.000000       0.000000       0.000000        24      23.0      24.0       0.292048     180.000000     360.000000      45.000000      45.000000      90.000000      90.000000
    -40.00      5.00       5.626900       0.000000       0.000000        24      23.0      24.0       0.292048     180.000000     360.000000      45.000000      45.000000      90.000000      90.000000
    -35.00    -20.00      27.492390       0.000000       0.000000        24      23.0      24.0       0.292048     180.000000     360.000000      45.000000      45.000000      90.000000      90.000000
    -35.00    -15.00      23.119301       0.000000       0.000000        24      23.0      24.0       0.292048     180.000000     360.000000      45.000000      45.000000      90.000000      90.000000
    -35.00    -10.00      18.746201       0.000000       0.000000        24      23.0      24.0       0.292048     180.000000     360.000000      45.000000      45.000000      90.000000      90.000000
    -35.00     -5.00      14.373100       0.000000       0.000000        24      23.0      24.0       0.292048     180.000000     360.000000      45.000000      45.000000      90.000000      90.000000
    -35.00      0.00      10.000000       0.000000       0.000000        24      23.0      24.0       0.292048     180.000000     360.000000      45.000000      45.000000      90.000000      90.000000
    -35.00      5.00       5.626900       0.000000       0.000000        24      23.0      24.0       0.292048     180.000000     360.000000      45.000000      45.000000      90.000000      90.000000
    -30.00    -20.00      27.492390       0.000000       0.000000        24      23.0      24.0       0.292048     180.000000     360.000000      45.000000      45.000000      90.000000      90.000000
    -30.00    -15.00      23.119301       0.000000       0.000000        24      23.0      24.0       0.292048     180.000000     360.000000      45.000000      45.000000      90.000000      90.000000
    -30.00    -10.00      18.746201       0.000000       0.000000        24      23.0      24.0       0.292048     180.000000     360.000000      45.000000      45.000000      90.000000      90.000000
    -30.00     -5.00      14.373100       0.000000       0.000000        24      23.0      24.0       0.292048     180.000000     360.000000      45.000000      45.000000      90.000000      90.000000
    -30.00      0.00      10.000000       0.000000       0.000000        24      23.0      24.0       0.292048     180.000000     360.000000      45.000000      45.000000      90.000000      90.000000
    -30.00      5.00       5.626900       0.000000       0.000000        24      23.0      24.0       0.292048     180.000000     360.000000      45.000000      45.000000      90.000000      90.000000
    -25.00    -20.00      27.492390       0.000000       0.000000        24      23.0      24.0       0.292048     180.000000     360.000000      45.000000      45.000000      90.000000      90.000000
    -25.00    -15.00      23.119301       0.000000       0.000000        24      23.0      24.0       0.292048     180.000000     360.000000      45.000000      45.000000      90.000000      90.000000
    -25.00    -10.00      18.746201       0.000000       0.000000        24      23.0      24.0       0.292048     180.000000     360.000000      45.000000      45.000000      90.000000      90.000000
    -25.00     -5.00      14.373100       0.000000       0.000000        24      23.0      24.0       0.292048     180.000000     360.000000      45.000000      45.000000      90.000000      90.000000
    -25.00      0.00      10.000000       0.000000       0.000000        24      23.0      24.0       0.292048     180.000000     360.000000      45.000000      45.000000      90.000000      90.000000
    -25.00      5.00       5.626900       0.000000       0.000000        24      23.0      24.0       0.292048     180.000000     360.000000      45.000000      45.000000      90.000000      90.000000
    -20.00    -20.00      27.492390       0.000000       0.000000        24      23.0      24.0       0.292048     180.000000     360.000000      45.000000      45.000000      90.000000      90.000000
    -20.00    -15.00      23.119301       0.000000       0.000000        24      23.0      24.0       0.292048     180.000000     360.000000      45.000000      45.000000      90.000000      90.000000
    -20.00    -10.00      18.746201       0.000000       0.000000        24      23.0      24.0       0.292048     180.000000     360.000000      45.000000      45.000000      90.000000      90.000000
    -20.00     -5.00      14.373100       0.000000       0.000000        24      23.0      24.0       0.292048     180.000000     360.000000      45.000000      45.000000      90.000000      90.000000
    -20.00      0.00      10.000000       0.000000       0.000000        24      23.0      24.0       0.292048     180.000000     360.000000      45.000000      45.000000      90.000000      90.000000
    -20.00      5.00       5.626900       0.000000       0.000000        24      23.0      24.0       0.292048     180.000000     360.000000      45.000000      45.000000      90.000000      90.000000
    -15.00    -20.00      27.492390       0.000000       0.000000        24      23.0      24.0       0.292048     180.000000     360.000000      45.000000      45.000000      90.000000      90.000000
    -15.00    -15.00      23.119301       0.000000       0.000000        24      23.0      24.0       0.292048     180.000000     360.000000      45.000000      45.000000      90.000000      90.000000
    -15.00    -10.00      18.746201       0.000000       0.000000        24      23.0      24.0       0.292048     180.000000     360.000000      45.000000      45.000000      90.000000      90.000000
    -15.00     -5.00      14.373100       0.000000       0.000000        24      23.0      24.0       0.292048     180.000000     360.000000      45.000000      45.000000      90.000000      90.000000
    -15.00      0.00      10.000000       0.000000       0.000000        24      23.0      24.0       0.292048     180.000000     360.000000      45.000000      45.000000      90.000000      90.000000
    -15.00      5.00       5.626900       0.000000       0.000000        24      23.0      24.0       0.292048     180.000000     360.000000      45.000000      45.000000      90.000000      90.000000
    -10.00    -20.00      27.492390       0.000000       0.000000        24      23.0      24.0       0.292048     180.000000     360.000000      45.000000      45.000000      90.000000      90.000000
    -10.00    -15.00      23.119301       0.000000       0.000000        24      23.0      24.0       0.292048     180.000000     360.000000      45.000000      45.000000      90.000000      90.000000
    -10.00    -10.00      18.746201       0.000000       0.000000        24      23.0      24.0       0.292048     180.000000     360.000000      45.000000      45.000000      90.000000      90.000000
    -10.00     -5.00      14.373100       0.000000       0.000000        24      23.0      24.0       0.292048     180.000000     360.000000      45.000000      45.000000      90.000000      90.000000
    -10.00      0.00      10.000000       0.000000       0.000000        24      23.0      24.0       0.292048     180.000000     360.000000      45.000000      45.000000      90.000000      90.000000
    -10.00      5.00       5.626900       0.000000       0.000000        24      23.0      24.0       0.292048     180.000000     360.000000      45.000000      45.000000      90.000000      90.000000
     -5.00    -20.00      27.492390       0.000000       0.000000        24      23.0      24.0       0.292048     180.000000     360.000000      45.000000      45.000000      90.000000      90.000000
     -5.00    -15.00      23.119301       0.000000       0.000000        24      23.0      24.0       0.292048     180.000000     360.000000      45.000000      45.000000      90.000000      90.000000
     -5.00    -10.00      18.746201       0.000000       0.000000        24      23.0      24.0       0.292048     180.000000     360.000000      45.000000      45.000000      90.000000      90.000000
     -5.00     -5.00      14.373100       0.000000       0.000000        24      23.0      24.0       0.292048     180.000000     360.000000      45.000000      45.000000      90.000000      90.000000
     -5.00      0.00      10.000000       0.000000       0.000000        24      23.0      24.0       0.292048     180.000000     360.000000      45.000000      45.000000      90.000000      90.000000
     -5.00      5.00       5.626900       0.000000       0.000000        24      23.0      24.0       0.292048     180.000000     360.000000      45.000000      45.000000      90.000000      90.000000
      0.00    -20.00      27.492390       0.000000       0.000000        24      23.0      24.0       0.292048     180.000000     360.000000      45.000000      45.000000      90.000000      90.000000
      0.00    -15.00      23.119301       0.000000       0.000000        24      23.0      24.0       0.292048     180.000000     360.000000      45.000000      45.000000      90.000000      90.000000
      0.00    -10.00      18.746201       0.000000       0.000000        24      23.0      24.0       0.292048     180.000000     360.000000      45.000000      45.000000      90.000000      90.000000
      0.00     -5.00      14.373100       0.000000       0.000000        24      23.0      24.0       0.292048     180.000000     360.000000      45.000000      45.000000      90.000000      90.000000
      0.00      0.00      10.000000       0.000000       0.000000        24      23.0      24.0       0.292048     180.000000     360.000000      45.000000      45.000000      90.000000      90.000000
      0.00      5.00       5.626900       0.000000       0.000000        24      23.0      24.0       0.292048     180.000000     360.000000      45.000000      45.000000      90.000000      90.000000
      5.00    -20.00      27.492390       0.000000       0.000000        24      23.0      24.0       0.292048     180.000000     360.000000      45.000000      45.000000      90.000000      90.000000
      5.00    -15.00      23.119301       0.000000       0.000000        24      23.0      24.0       0.292048     180.000000     360.000000      45.000000      45.000000      90.000000      90.000000
      5.00    -10.00      18.746201       0.000000       0.000000        24      23.0      24.0       0.292048     180.000000     360.000000      45.000000      45.000000      90.000000      90.000000
      5.00     -5.00      14.373100       0.000000       0.000000        24      23.0      24.0       0.292048     180.000000     360.000000      45.000000      45.000000      90.000000      90.000000
      5.00      0.00      10.000000       0.000000       0.000000        24      23.0      24.0       0.292048     180.000000     360.000000      45.000000      45.000000      90.000000      90.000000
      5.00      5.00       5.626900       0.000000       0.000000        24      23.0      24.0       0.292048     180.000000     360.000000      45.000000      45.000000      90.000000      90.000000
     10.00    -20.00      27.492390       0.000000       0.000000        24      23.0      24.0       0.292048     180.000000     360.000000      45.000000      45.000000      90.000000      90.000000
     10.00    -15.00      23.119301       0.000000       0.000000        24      23.0      24.0       0.292048     180.000000     360.000000      45.000000      45.000000      90.000000      90.000000
     10.00    -10.00      18.746201       0.000000       0.000000        24      23.0      24.0       0.292048     180.000000     360.000000      45.000000      45.000000      90.000000      90.000000
     10.00     -5.00      14.373100       0.000000       0.000000        24      23.0      24.0       0.292048     180.000000     360.000000      45.000000      45.000000      90.000000      90.000000
     10.00      0.00      10.000000       0.000000       0.000000        24      23.0      24.0       0.292048     180.000000     360.000000      45.000000      45.000000      90.000000      90.000000
     10.00      5.00       5.626900       0.000000       0.000000        24      23.0      24.0       0.292048     180.000000     360.000000      45.000000      45.000000      90.000000      90.000000
     15.00    -20.00      27.492390       0.000000       0.000000        24      23.0      24.0       0.292048     180.000000     360.000000      45.000000      45.000000      90.000000      90.000000
     15.00    -15.00      23.119301       0.000000       0.000000        24      23.0      24.0       0.292048     180.000000     360.000000      45.000000      45.000000      90.000000      90.000000
     15.00    -10.00      18.746201       0.000000       0.000000        24      23.0      24.0       0.292048     180.000000     360.000000      45.000000      45.000000      90.000000      90.000000
     15.00     -5.00      14.373100       0.000000       0.000000        24      23.0      24.0       0.292048     180.000000     360.000000      45.000000      45.000000      90.000000      90.000000
     15.00      0.00      10.000000       0.000000       0.000000        24      23.0      24.0       0.292048     180.000000     360.000000      45.000000      45.000000      90.000000      90.000000
     15.00      5.00       5.626900       0.000000       0.000000        24      23.0      24.0       0.292048     180.000000     360.000000      45.000000      45.000000      90.000000      90.000000
     20.00    -20.00      27.492390       0.000000       0.000000        24      23.0      24.0       0.292048     180.000000     360.000000      45.000000      45.000000      90.000000      90.000000
     20.00    -15.00      23.119301       0.000000       0.000000        24      23.0      24.0       0.292048     180.000000     360.000000      45.000000      45.000000      90.000000      90.000000
     20.00    -10.00      18.746201       0.000000       0.000000        24      23.0      24.0       0.292048     180.000000     360.000000      45.000000      45.000000      90.000000      90.000000
     20.00     -5.00      14.373100       0.000000       0.000000        24      23.0      24.0       0.292048     180.000000     360.000000      45.000000      45.000000      90.000000      90.000000
     20.00      0.00      10.000000       0.000000       0.000000        24      23.0      24.0       0.292048     180.000000     360.000000      45.000000      45.000000      90.000000      90.000000
     20.00      5.00       5.626900       0.000000       0.000000        24      23.0      24.0       0.292048     180.000000     360.000000      45.000000      45.000000      90.000000      90.000000
     25.00    -20.00      27.492390       0.000000       0.000000        24      23.0      24.0       0.292048     180.000000     360.000000      45.000000      45.000000      90.000000      90.000000
     25.00    -15.00      23.119301       0.000000       0.000000        24      23.0      24.0       0.292048     180.000000     360.000000      45.000000      45.000000      90.000000      90.000000
     25.00    -10.00      18.746201       0.000000       0.000000        24      23.0      24.0       0.292048     180.000000     360.000000      45.000000      45.000000      90.000000      90.000000
     25.00     -5.00      14.373100       0.000000       0.000000        24      23.0      24.0       0.292048     180.000000     360.000000      45.000000      45.000000      90.000000      90.000000
     25.00      0.00      10.000000       0.000000       0.000000        24      23.0      24.0       0.292048     180.000000     360.000000      45.000000      45.000000      90.000000      90.000000
     25.00      5.00       5.626900       0.000000       0.000000        24      23.0      24.0       0.292048     180.000000     360.000000      45.000000      45.000000      90.000000      90.000000
     30.00    -20.00      27.492390       0.000000       0.000000        24      23.0      24.0       0.292048     180.000000     360.000000      45.000000      45.000000      90.000000      90.000000
     30.00    -15.00      23.119301       0.000000       0.000000        24      23.0      24.0       0.292048     180.000000     360.000000      45.000000      45.000000      90.000000      90.000000
     30.00    -10.00      18.746201       0.000000       0.000000        24      23.0      24.0       0.292048     180.000000     360.000000      45.000000      45.000000      90.000000      90.000000
     30.00     -5.00      14.373100       0.000000       0.000000        24      23.0      24.0       0.292048     180.000000     360.000000      45.000000      45.000000      90.000000      90.000000
     30.00      0.00      10.000000       0.000000       0.000000        24      23.0      24.0       0.292048     180.000000     360.000000      45.000000      45.000000      90.000000      90.000000
     30.00      5.00       5.626900       0.000000       0.000000        24      23.0      24.0       0.292048     180.000000     360.000000      45.000000      45.000000      90.000000      90.000000
     35.00    -20.00      27.492390       0.000000       0.000000        24      23.0      24.0       0.292048     180.000000     360.000000      45.000000      45.000000      90.000000      90.000000
     35.00    -15.00      23.119301       0.000000       0.000000        24      23.0      24.0       0.292048     180.000000     360.000000      45.000000      45.000000      90.000000      90.000000
     35.00    -10.00      18.746201       0.000000       0.000000        24      23.0      24.0       0.292048     180.000000     360.000000      45.000000      45.000000      90.000000      90.000000
     35.00     -5.00      14.373100       0.000000       0.000000        24      23.0      24.0       0.292048     180.000000     360.000000      45.000000      45.000000      90.000000      90.000000
     35.00      0.00      10.000000       0.000000       0.000000        24      23.0      24.0       0.292048     180.000000     360.000000      45.000000      45.000000      90.000000      90.000000
     35.00      5.00       5.626900       0.000000       0.000000        24      23.0      24.0       0.292048     180.000000     360.000000      45.000000      45.000000      90.000000      90.000000
     40.00    -20.00      27.492390       0.000654       0.000654        24      23.0      24.0       0.292048     155.869995     257.149994      86.949997      15.230000     -75.070000    -168.320007
     40.00    -15.00      23.119301       0.000288       0.000288        24      23.0      24.0       0.292048      95.610001     228.529999      48.400002      52.509998     125.529999      56.790001
     40.00    -10.00      18.746201       0.000000       0.000000        24      23.0      24.0       0.292048     180.000000     360.000000      45.000000      45.000000      90.000000      90.000000
     40.00     -5.00      14.373100       0.000000       0.000000        24      23.0      24.0       0.292048     180.000000     360.000000      45.000000      45.000000      90.000000      90.000000
     40.00      0.00      10.000000       0.000000       0.000000        24      23.0      24.0       0.292048     180.000000     360.000000      45.000000      45.000000      90.000000      90.000000
     40.00      5.00       5.626900       0.000000       0.000000        24      23.0      24.0       0.292048     180.000000     360.000000      45.000000      45.000000      90.000000      90.000000
     45.00    -20.00      27.492390       0.032603       0.032603        24      23.0      24.0       0.292048      76.070000     214.240005      54.740002      43.500000     117.330002      57.000000
     45.00    -15.00      23.119301       0.015846       0.015846        24      23.0      24.0       0.292048     177.860001      83.129997      64.410004      80.239998      10.830000     154.009995
     45.00    -10.00      18.746201       0.016587       0.016587        24      23.0      24.0       0.292048     166.080002     326.559998      79.150002      11.490000     -86.180000    -109.160004
     45.00     -5.00      14.373100       0.012380       0.012380        24      23.0      24.0       0.292048     114.879997     216.979996      44.630001      78.309998     -16.770000    -133.389999
     45.00      0.00      10.000000       0.012937       0.012937        24      23.0      24.0       0.292048     187.779999     340.640015       6.210000      84.470001     117.010002      87.169998
     45.00      5.00       5.626900       0.007875       0.007875        24      23.0      24.0       0.292048     135.729996     268.279999      35.150002      64.540001     -48.310001    -115.099998
     50.00    -20.00      27.492390       0.036246       0.036246        24      23.0      24.0       0.292048      51.080002     251.110001      59.349998      32.240002      79.470001     107.139999
     50.00    -15.00      23.119301       0.031635       0.031635        24      23.0      24.0       0.292048     217.149994      44.660000      22.990000      67.190002      83.080002      92.919998
     50.00    -10.00      18.746201       0.023603       0.023603        24      23.0      24.0       0.292048     159.250000     257.940002      48.990002      80.150002     -13.110000    -138.229996
     50.00     -5.00      14.373100       0.017921       0.017921        24      23.0      24.0       0.292048      82.220001     184.050003      84.309998      25.920000     115.330002      13.110000
     50.00      0.00      10.000000       0.019786       0.019786        24      23.0      24.0       0.292048      51.040001     281.730011      76.779999      20.350000      74.389999     138.869995
     50.00      5.00       5.626900       0.022667       0.022667        24      23.0      24.0       0.292048     199.770004     310.700012      89.559998       1.220000     -88.860001    -159.080002
