      xloc      yloc          depth         ave SR         max SR         #     start       end     max SR all       strike 1       strike 2          dip 1          dip 2         rake 1         rake 2
    -50.00    -20.00      27.492390       0.030258       0.030258        25      24.0      25.0       0.292048     115.120003       0.830000      46.130001      66.839996    -146.929993     -48.919998
    -50.00    -15.00      23.119301       0.040401       0.040401        25      24.0      25.0       0.292048     111.330002      11.760000      83.089996      36.090000    -125.510002     -11.780000
    -50.00    -10.00      18.746201       0.023372       0.023372        25      24.0      25.0       0.292048      57.169998     267.390015      51.369999      42.770000    -109.989998     -66.849998
    -50.00     -5.00      14.373100       0.030558       0.030558        25      24.0      25.0       0.292048     135.000000     295.510010      74.150002      16.760000     -84.480003    -108.720001
    -50.00      0.00      10.000000       0.019305       0.019305        25      24.0      25.0       0.292048     117.070000     248.250000      78.089996      17.760000     -76.730003    -137.440002
    -50.00      5.00       5.626900       0.028947       0.028947        25      24.0      25.0       0.292048     128.110001     289.510010      66.269997      24.879999      97.709999      73.029999
    -45.00    -20.00      27.492390       0.012448       0.012448        25      24.0      25.0       0.292048       8.420000     108.199997      83.209999      35.040001     -55.540001    -168.119995
    -45.00    -15.00      23.119301       0.000000       0.000000        25      24.0      25.0       0.292048     180.000000     360.000000      45.000000      45.000000      90.000000      90.000000
    -45.00    -10.00      18.746201       0.000000       0.000000        25      24.0      25.0       0.292048     180.000000     360.000000      45.000000      45.000000      90.000000      90.000000
    -45.00     -5.00      14.373100       0.000000       0.000000        25      24.0      25.0       0.292048     180.000000     360.000000      45.000000      45.000000      90.000000      90.000000
    -45.00      0.00      10.000000       0.000000       0.000000        25      24.0      25.0       0.292048     180.000000     360.000000      45.000000      45.000000      90.000000      90.000000
    -45.00      5.00       5.626900       0.000000       0.000000        25      24.0      25.0       0.292048     180.000000     360.000000      45.000000      45.000000      90.000000      90.000000
    -40.00    -20.00      27.492390       0.000000       0.000000        25      24.0      25.0       0.292048     180.000000     360.000000      45.000000      45.000000      90.000000      90.000000
    -40.00    -15.00      23.119301       0.000000       0.000000        25      24.0      25.0       0.292048     180.000000     360.000000      45.000000      45.000000      90.000000      90.000000
    -40.00    -10.00      18.746201       0.000000       0.000000        25      24.0      25.0       0.292048     180.000000     360.000000      45.000000      45.000000      90.000000      90.000000
    -40.00     -5.00      14.373100       0.000000       0.000000        25      24.0      25.0       0.292048     180.000000     360.000000      45.000000      45.000000      90.000000      90.000000
    -40.00      0.00      10.000000       0.000000       0.000000        25      24.0      25.0       0.292048     180.000000     360.000000      45.000000      45.000000      90.000000      90.000000
    -40.00      5.00       5.626900       0.000000       0.000000        25      24.0      25.0       0.292048     180.000000     360.000000      45.000000      45.000000      90.000000      90.000000
    -35.00    -20.00      27.492390       0.000000       0.000000        25      24.0      25.0       0.292048     180.000000     360.000000      45.000000      45.000000      90.000000      90.000000
    -35.00    -15.00      23.119301       0.000000       0.000000        25      24.0      25.0       0.292048     180.000000     360.000000      45.000000      45.000000      90.000000      90.000000
    -35.00    -10.00      18.746201       0.000000       0.000000        25      24.0      25.0       0.292048     180.000000     360.000000      45.000000      45.000000      90.000000      90.000000
    -35.00     -5.00      14.373100       0.000000       0.000000        25      24.0      25.0       0.292048     180.000000     360.000000      45.000000      45.000000      90.000000      90.000000
    -35.00      0.00      10.000000       0.000000       0.000000        25      24.0      25.0       0.292048     180.000000     360.000000      45.000000      45.000000      90.000000      90.000000
    -35.00      5.00       5.626900       0.000000       0.000000        25      24.0      25.0       0.292048     180.000000     360.000000      45.000000      45.000000      90.000000      90.000000
    -30.00    -20.00      27.492390       0.000000       0.000000        25      24.0      25.0       0.292048     180.000000     360.000000      45.000000      45.000000      90.000000      90.000000
    -30.00    -15.00      23.119301       0.000000       0.000000        25      24.0      25.0       0.292048     180.000000     360.000000      45.000000      45.000000      90.000000      90.000000
    -30.00    -10.00      18.746201       0.000000       0.000000        25      24.0      25.0       0.292048     180.000000     360.000000      45.000000      45.000000      90.000000      90.000000
    -30.00     -5.00      14.373100       0.000000       0.000000        25      24.0      25.0       0.292048     180.000000     360.000000      45.000000      45.000000      90.000000      90.000000
    -30.00      0.00      10.000000       0.000000       0.000000        25      24.0      25.0       0.292048     180.000000     360.000000      45.000000      45.000000      90.000000      90.000000
    -30.00      5.00       5.626900       0.000000       0.000000        25      24.0      25.0       0.292048     180.000000     360.000000      45.000000      45.000000      90.000000      90.000000
    -25.00    -20.00      27.492390       0.000000       0.000000        25      24.0      25.0       0.292048     180.000000     360.000000      45.000000      45.000000      90.000000      90.000000
    -25.00    -15.00      23.119301       0.000000       0.000000        25      24.0      25.0       0.292048     180.000000     360.000000      45.000000      45.000000      90.000000      90.000000
    -25.00    -10.00      18.746201       0.000000       0.000000        25      24.0      25.0       0.292048     180.000000     360.000000      45.000000      45.000000      90.000000      90.000000
    -25.00     -5.00      14.373100       0.000000       0.000000        25      24.0      25.0       0.292048     180.000000     360.000000      45.000000      45.000000      90.000000      90.000000
    -25.00      0.00      10.000000       0.000000       0.000000        25      24.0      25.0       0.292048     180.000000     360.000000      45.000000      45.000000      90.000000      90.000000
    -25.00      5.00       5.626900       0.000000       0.000000        25      24.0      25.0       0.292048     180.000000     360.000000      45.000000      45.000000      90.000000      90.000000
    -20.00    -20.00      27.492390       0.000000       0.000000        25      24.0      25.0       0.292048     180.000000     360.000000      45.000000      45.000000      90.000000      90.000000
    -20.00    -15.00      23.119301       0.000000       0.000000        25      24.0      25.0       0.292048     180.000000     360.000000      45.000000      45.000000      90.000000      90.000000
    -20.00    -10.00      18.746201       0.000000       0.000000        25      24.0      25.0       0.292048     180.000000     360.000000      45.000000      45.000000      90.000000      90.000000
    -20.00     -5.00      14.373100       0.000000       0.000000        25      24.0      25.0       0.292048     180.000000     360.000000      45.000000      45.000000      90.000000      90.000000
    -20.00      0.00      10.000000       0.000000       0.000000        25      24.0      25.0       0.292048     180.000000     360.000000      45.000000      45.000000      90.000000      90.000000
    -20.00      5.00       5.626900       0.000000       0.000000        25      24.0      25.0       0.292048     180.000000     360.000000      45.000000      45.000000      90.000000      90.000000
    -15.00    -20.00      27.492390       0.000000       0.000000        25      24.0      25.0       0.292048     180.000000     360.000000      45.000000      45.000000      90.000000      90.000000
    -15.00    -15.00      23.119301       0.000000       0.000000        25      24.0      25.0       0.292048     180.000000     360.000000      45.000000      45.000000      90.000000      90.000000
    -15.00    -10.00      18.746201       0.000000       0.000000        25      24.0      25.0       0.292048     180.000000     360.000000      45.000000      45.000000      90.000000      90.000000
    -15.00     -5.00      14.373100       0.000000       0.000000        25      24.0      25.0       0.292048     180.000000     360.000000      45.000000      45.000000      90.000000      90.000000
    -15.00      0.00      10.000000       0.000000       0.000000        25      24.0      25.0       0.292048     180.000000     360.000000      45.000000      45.000000      90.000000      90.000000
    -15.00      5.00       5.626900       0.000000       0.000000        25      24.0      25.0       0.292048     180.000000     360.000000      45.000000      45.000000      90.000000      90.000000
    -10.00    -20.00      27.492390       0.000000       0.000000        25      24.0      25.0       0.292048     180.000000     360.000000      45.000000      45.000000      90.000000      90.000000
    -10.00    -15.00      23.119301       0.000000       0.000000        25      24.0      25.0       0.292048     180.000000     360.000000      45.000000      45.000000      90.000000      90.000000
    -10.00    -10.00      18.746201       0.000000       0.000000        25      24.0      25.0       0.292048     180.000000     360.000000      45.000000      45.000000      90.000000      90.000000
    -10.00     -5.00      14.373100       0.000000       0.000000        25      24.0      25.0       0.292048     180.000000     360.000000      45.000000      45.000000      90.000000      90.000000
    -10.00      0.00      10.000000       0.000000       0.000000        25      24.0      25.0       0.292048     180.000000     360.000000      45.000000      45.000000      90.000000      90.000000
    -10.00      5.00       5.626900       0.000000       0.000000        25      24.0      25.0       0.292048     180.000000     360.000000      45.000000      45.000000      90.000000      90.000000
     -5.00    -20.00      27.492390       0.000000       0.000000        25      24.0      25.0       0.292048     180.000000     360.000000      45.000000      45.000000      90.000000      90.000000
     -5.00    -15.00      23.119301       0.000000       0.000000        25      24.0      25.0       0.292048     180.000000     360.000000      45.000000      45.000000      90.000000      90.000000
     -5.00    -10.00      18.746201       0.000000       0.000000        25      24.0      25.0       0.292048     180.000000     360.000000      45.000000      45.000000      90.000000      90.000000
     -5.00     -5.00      14.373100       0.000000       0.000000        25      24.0      25.0       0.292048     180.000000     360.000000      45.000000      45.000000      90.000000      90.000000
     -5.00      0.00      10.000000       0.000000       0.000000        25      24.0      25.0       0.292048     180.000000     360.000000      45.000000      45.000000      90.000000      90.000000
     -5.00      5.00       5.626900       0.000000       0.000000        25      24.0      25.0       0.292048     180.000000     360.000000      45.000000      45.000000      90.000000      90.000000
      0.00    -20.00      27.492390       0.000000       0.000000        25      24.0      25.0       0.292048     180.000000     360.000000      45.000000      45.000000      90.000000      90.000000
      0.00    -15.00      23.119301       0.000000       0.000000        25      24.0      25.0       0.292048     180.000000     360.000000      45.000000      45.000000      90.000000      90.000000
      0.00    -10.00      18.746201       0.000000       0.000000        25      24.0      25.0       0.292048     180.000000     360.000000      45.000000      45.000000      90.000000      90.000000
      0.00     -5.00      14.373100       0.000000       0.000000        25      24.0      25.0       0.292048     180.000000     360.000000      45.000000      45.000000      90.000000      90.000000
      0.00      0.00      10.000000       0.000000       0.000000        25      24.0      25.0       0.292048     180.000000     360.000000      45.000000      45.000000      90.000000      90.000000
      0.00      5.00       5.626900       0.000000       0.000000        25      24.0      25.0       0.292048     180.000000     360.000000      45.000000      45.000000      90.000000      90.000000
      5.00    -20.00      27.492390       0.000000       0.000000        25      24.0      25.0       0.292048     180.000000     360.000000      45.000000      45.000000      90.000000      90.000000
      5.00    -15.00      23.119301       0.000000       0.000000        25      24.0      25.0       0.292048     180.000000     360.000000      45.000000      45.000000      90.000000      90.000000
      5.00    -10.00      18.746201       0.000000       0.000000        25      24.0      25.0       0.292048     180.000000     360.000000      45.000000      45.000000      90.000000      90.000000
      5.00     -5.00      14.373100       0.000000       0.000000        25      24.0      25.0       0.292048     180.000000     360.000000      45.000000      45.000000      90.000000      90.000000
      5.00      0.00      10.000000       0.000000       0.000000        25      24.0      25.0       0.292048     180.000000     360.000000      45.000000      45.000000      90.000000      90.000000
      5.00      5.00       5.626900       0.000000       0.000000        25      24.0      25.0       0.292048     180.000000     360.000000      45.000000      45.000000      90.000000      90.000000
     10.00    -20.00      27.492390       0.000000       0.000000        25      24.0      25.0       0.292048     180.000000     360.000000      45.000000      45.000000      90.000000      90.000000
     10.00    -15.00      23.119301       0.000000       0.000000        25      24.0      25.0       0.292048     180.000000     360.000000      45.000000      45.000000      90.000000      90.000000
     10.00    -10.00      18.746201       0.000000       0.000000        25      24.0      25.0       0.292048     180.000000     360.000000      45.000000      45.000000      90.000000      90.000000
     10.00     -5.00      14.373100       0.000000       0.000000        25      24.0      25.0       0.292048     180.000000     360.000000      45.000000      45.000000      90.000000      90.000000
     10.00      0.00      10.000000       0.000000       0.000000        25      24.0      25.0       0.292048     180.000000     360.000000      45.000000      45.000000      90.000000      90.000000
     10.00      5.00       5.626900       0.000000       0.000000        25      24.0      25.0       0.292048     180.000000     360.000000      45.000000      45.000000      90.000000      90.000000
     15.00    -20.00      27.492390       0.000000       0.000000        25      24.0      25.0       0.292048     180.000000     360.000000      45.000000      45.000000      90.000000      90.000000
     15.00    -15.00      23.119301       0.000000       0.000000        25      24.0      25.0       0.292048     180.000000     360.000000      45.000000      45.000000      90.000000      90.000000
     15.00    -10.00      18.746201       0.000000       0.000000        25      24.0      25.0       0.292048     180.000000     360.000000      45.000000      45.000000      90.000000      90.000000
     15.00     -5.00      14.373100       0.000000       0.000000        25      24.0      25.0       0.292048     180.000000     360.000000      45.000000      45.000000      90.000000      90.000000
     15.00      0.00      10.000000       0.000000       0.000000        25      24.0      25.0       0.292048     180.000000     360.000000      45.000000      45.000000      90.000000      90.000000
     15.00      5.00       5.626900       0.000000       0.000000        25      24.0      25.0       0.292048     180.000000     360.000000      45.000000      45.000000      90.000000      90.000000
     20.00    -20.00      27.492390       0.000000       0.000000        25      24.0      25.0       0.292048     180.000000     360.000000      45.000000      45.000000      90.000000      90.000000
     20.00    -15.00      23.119301       0.000000       0.000000        25      24.0      25.0       0.292048     180.000000     360.000000      45.000000      45.000000      90.000000      90.000000
     20.00    -10.00      18.746201       0.000000       0.000000        25      24.0      25.0       0.292048     180.000000     360.000000      45.000000      45.000000      90.000000      90.000000
     20.00     -5.00      14.373100       0.000000       0.000000        25      24.0      25.0       0.292048     180.000000     360.000000      45.000000      45.000000      90.000000      90.000000
     20.00      0.00      10.000000       0.000000       0.000000        25      24.0      25.0       0.292048     180.000000     360.000000      45.000000      45.000000      90.000000      90.000000
     20.00      5.00       5.626900       0.000000       0.000000        25      24.0      25.0       0.292048     180.000000     360.000000      45.000000      45.000000      90.000000      90.000000
     25.00    -20.00      27.492390       0.000000       0.000000        25      24.0      25.0       0.292048     180.000000     360.000000      45.000000      45.000000      90.000000      90.000000
     25.00    -15.00      23.119301       0.000000       0.000000        25      24.0      25.0       0.292048     180.000000     360.000000      45.000000      45.000000      90.000000      90.000000
     25.00    -10.00      18.746201       0.000000       0.000000        25      24.0      25.0       0.292048     180.000000     360.000000      45.000000      45.000000      90.000000      90.000000
     25.00     -5.00      14.373100       0.000000       0.000000        25      24.0      25.0       0.292048     180.000000     360.000000      45.000000      45.000000      90.000000      90.000000
     25.00      0.00      10.000000       0.000000       0.000000        25      24.0      25.0       0.292048     180.000000     360.000000      45.000000      45.000000      90.000000      90.000000
     25.00      5.00       5.626900       0.000000       0.000000        25      24.0      25.0       0.292048     180.000000     360.000000      45.000000      45.000000      90.000000      90.000000
     30.00    -20.00      27.492390       0.000000       0.000000        25      24.0      25.0       0.292048     180.000000     360.000000      45.000000      45.000000      90.000000      90.000000
     30.00    -15.00      23.119301       0.000000       0.000000        25      24.0      25.0       0.292048     180.000000     360.000000      45.000000      45.000000      90.000000      90.000000
     30.00    -10.00      18.746201       0.000000       0.000000        25      24.0      25.0       0.292048     180.000000     360.000000      45.000000      45.000000      90.000000      90.000000
     30.00     -5.00      14.373100       0.000000       0.000000        25      24.0      25.0       0.292048     180.000000     360.000000      45.000000      45.000000      90.000000      90.000000
     30.00      0.00      10.000000       0.000000       0.000000        25      24.0      25.0       0.292048     180.000000     360.000000      45.000000      45.000000      90.000000      90.000000
     30.00      5.00       5.626900       0.000000       0.000000        25      24.0      25.0       0.292048     180.000000     360.000000      45.000000      45.000000      90.000000      90.000000
     35.00    -20.00      27.492390       0.000000       0.000000        25      24.0      25.0       0.292048     180.000000     360.000000      45.000000      45.000000      90.000000      90.000000
     35.00    -15.00      23.119301       0.000000       0.000000        25      24.0      25.0       0.292048     180.000000     360.000000      45.000000      45.000000      90.000000      90.000000
     35.00    -10.00      18.746201       0.000000       0.000000        25      24.0      25.0       0.292048     180.000000     360.000000      45.000000      45.000000      90.000000      90.000000
     35.00     -5.00      14.373100       0.000000       0.000000        25      24.0      25.0       0.292048     180.000000     360.000000      45.000000      45.000000      90.000000      90.000000
     35.00      0.00      10.000000       0.000000       0.000000        25      24.0      25.0       0.292048     180.000000     360.000000      45.000000      45.000000      90.000000      90.000000
     35.00      5.00       5.626900       0.000000       0.000000        25      24.0      25.0       0.292048     180.000000     360.000000      45.000000      45.000000      90.000000      90.000000
     40.00    -20.00      27.492390       0.000000       0.000000        25      24.0      25.0       0.292048     180.000000     360.000000      45.000000      45.000000      90.000000      90.000000
     40.00    -15.00      23.119301       0.000000       0.000000        25      24.0      25.0       0.292048     180.000000     360.000000      45.000000      45.000000      90.000000      90.000000
     40.00    -10.00      18.746201       0.000000       0.000000        25      24.0      25.0       0.292048     180.000000     360.000000      45.000000      45.000000      90.000000      90.000000
     40.00     -5.00      14.373100       0.000000       0.000000        25      24.0      25.0       0.292048     180.000000     360.000000      45.000000      45.000000      90.000000      90.000000
     40.00      0.00      10.000000       0.000000       0.000000        25      24.0      25.0       0.292048     180.000000     360.000000      45.000000      45.000000      90.000000      90.000000
     40.00      5.00       5.626900       0.000000       0.000000        25      24.0      25.0       0.292048     180.000000     360.000000      45.000000      45.000000      90.000000      90.000000
     45.00    -20.00      27.492390       0.010759       0.010759        25      24.0      25.0       0.292048     170.369995      18.200001      72.970001      19.100000      81.209999     116.510002
     45.00    -15.00      23.119301       0.000000       0.000000        25      24.0      25.0       0.292048     180.000000     360.000000      45.000000      45.000000      90.000000      90.000000
     45.00    -10.00      18.746201       0.000000       0.000000        25      24.0      25.0       0.292048     180.000000     360.000000      45.000000      45.000000      90.000000      90.000000
     45.00     -5.00      14.373100       0.000000       0.000000        25      24.0      25.0       0.292048     180.000000     360.000000      45.000000      45.000000      90.000000      90.000000
     45.00      0.00      10.000000       0.000000       0.000000        25      24.0      25.0       0.292048     180.000000     360.000000      45.000000      45.000000      90.000000      90.000000
     45.00      5.00       5.626900       0.000000       0.000000        25      24.0      25.0       0.292048     180.000000     360.000000      45.000000      45.000000      90.000000      90.000000
     50.00    -20.00      27.492390       0.029020       0.029020        25      24.0      25.0       0.292048     301.820007      33.000000      81.239998      82.379997      -7.710000    -171.160004
     50.00    -15.00      23.119301       0.017549       0.017549        25      24.0      25.0       0.292048     201.419998       9.330000      34.889999      55.709999      99.959999      83.120003
     50.00    -10.00      18.746201       0.009793       0.009793        25      24.0      25.0       0.292048     354.529999     254.279999      77.389999      51.500000      39.630001     163.800003
     50.00     -5.00      14.373100       0.036769       0.036769        25      24.0      25.0       0.292048      69.949997     244.309998      72.489998      17.590000      91.699997      84.620003
     50.00      0.00      10.000000       0.023559       0.023559        25      24.0      25.0       0.292048     102.290001     211.750000      75.580002      37.669998     125.180000      24.049999
     50.00      5.00       5.626900       0.027898       0.027898        25      24.0      25.0       0.292048     182.740005      82.269997      89.629997       2.040000     -92.000000     -10.490000
