      xloc      yloc          depth         ave SR         max SR         #     start       end     max SR all       strike 1       strike 2          dip 1          dip 2         rake 1         rake 2
    -50.00    -20.00      27.492390       0.011403       0.011403        26      25.0      26.0       0.292048      29.030001     278.230011      13.880000      84.980003      21.379999     102.959999
    -50.00    -15.00      23.119301       0.010876       0.010876        26      25.0      26.0       0.292048     296.190002      26.410000      89.849998      34.529999     124.529999       0.270000
    -50.00    -10.00      18.746201       0.005199       0.005199        26      25.0      26.0       0.292048      47.930000     270.390015      49.910000      48.770000    -120.510002     -58.910000
    -50.00     -5.00      14.373100       0.005514       0.005514        26      25.0      26.0       0.292048     142.309998       3.900000      79.629997      13.750000     -99.080002     -49.240002
    -50.00      0.00      10.000000       0.007208       0.007208        26      25.0      26.0       0.292048      85.250000     298.359985      68.160004      25.570000    -103.639999     -59.529999
    -50.00      5.00       5.626900       0.004672       0.004672        26      25.0      26.0       0.292048     138.550003     342.869995      75.309998      16.049999      83.459999     113.480003
    -45.00    -20.00      27.492390       0.000000       0.000000        26      25.0      26.0       0.292048     180.000000     360.000000      45.000000      45.000000      90.000000      90.000000
    -45.00    -15.00      23.119301       0.000000       0.000000        26      25.0      26.0       0.292048     180.000000     360.000000      45.000000      45.000000      90.000000      90.000000
    -45.00    -10.00      18.746201       0.000000       0.000000        26      25.0      26.0       0.292048     180.000000     360.000000      45.000000      45.000000      90.000000      90.000000
    -45.00     -5.00      14.373100       0.000000       0.000000        26      25.0      26.0       0.292048     180.000000     360.000000      45.000000      45.000000      90.000000      90.000000
    -45.00      0.00      10.000000       0.000000       0.000000        26      25.0      26.0       0.292048     180.000000     360.000000      45.000000      45.000000      90.000000      90.000000
    -45.00      5.00       5.626900       0.000000       0.000000        26      25.0      26.0       0.292048     180.000000     360.000000      45.000000      45.000000      90.000000      90.000000
    -40.00    -20.00      27.492390       0.000000       0.000000        26      25.0      26.0       0.292048     180.000000     360.000000      45.000000      45.000000      90.000000      90.000000
    -40.00    -15.00      23.119301       0.000000       0.000000        26      25.0      26.0       0.292048     180.000000     360.000000      45.000000      45.000000      90.000000      90.000000
    -40.00    -10.00      18.746201       0.000000       0.000000        26      25.0      26.0       0.292048     180.000000     360.000000      45.000000      45.000000      90.000000      90.000000
    -40.00     -5.00      14.373100       0.000000       0.000000        26      25.0      26.0       0.292048     180.000000     360.000000      45.000000      45.000000      90.000000      90.000000
    -40.00      0.00      10.000000       0.000000       0.000000        26      25.0      26.0       0.292048     180.000000     360.000000      45.000000      45.000000      90.000000      90.000000
    -40.00      5.00       5.626900       0.000000       0.000000        26      25.0      26.0       0.292048     180.000000     360.000000      45.000000      45.000000      90.000000      90.000000
    -35.00    -20.00      27.492390       0.000000       0.000000        26      25.0      26.0       0.292048     180.000000     360.000000      45.000000      45.000000      90.000000      90.000000
    -35.00    -15.00      23.119301       0.000000       0.000000        26      25.0      26.0       0.292048     180.000000     360.000000      45.000000      45.000000      90.000000      90.000000
    -35.00    -10.00      18.746201       0.000000       0.000000        26      25.0      26.0       0.292048     180.000000     360.000000      45.000000      45.000000      90.000000      90.000000
    -35.00     -5.00      14.373100       0.000000       0.000000        26      25.0      26.0       0.292048     180.000000     360.000000      45.000000      45.000000      90.000000      90.000000
    -35.00      0.00      10.000000       0.000000       0.000000        26      25.0      26.0       0.292048     180.000000     360.000000      45.000000      45.000000      90.000000      90.000000
    -35.00      5.00       5.626900       0.000000       0.000000        26      25.0      26.0       0.292048     180.000000     360.000000      45.000000      45.000000      90.000000      90.000000
    -30.00    -20.00      27.492390       0.000000       0.000000        26      25.0      26.0       0.292048     180.000000     360.000000      45.000000      45.000000      90.000000      90.000000
    -30.00    -15.00      23.119301       0.000000       0.000000        26      25.0      26.0       0.292048     180.000000     360.000000      45.000000      45.000000      90.000000      90.000000
    -30.00    -10.00      18.746201       0.000000       0.000000        26      25.0      26.0       0.292048     180.000000     360.000000      45.000000      45.000000      90.000000      90.000000
    -30.00     -5.00      14.373100       0.000000       0.000000        26      25.0      26.0       0.292048     180.000000     360.000000      45.000000      45.000000      90.000000      90.000000
    -30.00      0.00      10.000000       0.000000       0.000000        26      25.0      26.0       0.292048     180.000000     360.000000      45.000000      45.000000      90.000000      90.000000
    -30.00      5.00       5.626900       0.000000       0.000000        26      25.0      26.0       0.292048     180.000000     360.000000      45.000000      45.000000      90.000000      90.000000
    -25.00    -20.00      27.492390       0.000000       0.000000        26      25.0      26.0       0.292048     180.000000     360.000000      45.000000      45.000000      90.000000      90.000000
    -25.00    -15.00      23.119301       0.000000       0.000000        26      25.0      26.0       0.292048     180.000000     360.000000      45.000000      45.000000      90.000000      90.000000
    -25.00    -10.00      18.746201       0.000000       0.000000        26      25.0      26.0       0.292048     180.000000     360.000000      45.000000      45.000000      90.000000      90.000000
    -25.00     -5.00      14.373100       0.000000       0.000000        26      25.0      26.0       0.292048     180.000000     360.000000      45.000000      45.000000      90.000000      90.000000
    -25.00      0.00      10.000000       0.000000       0.000000        26      25.0      26.0       0.292048     180.000000     360.000000      45.000000      45.000000      90.000000      90.000000
    -25.00      5.00       5.626900       0.000000       0.000000        26      25.0      26.0       0.292048     180.000000     360.000000      45.000000      45.000000      90.000000      90.000000
    -20.00    -20.00      27.492390       0.000000       0.000000        26      25.0      26.0       0.292048     180.000000     360.000000      45.000000      45.000000      90.000000      90.000000
    -20.00    -15.00      23.119301       0.000000       0.000000        26      25.0      26.0       0.292048     180.000000     360.000000      45.000000      45.000000      90.000000      90.000000
    -20.00    -10.00      18.746201       0.000000       0.000000        26      25.0      26.0       0.292048     180.000000     360.000000      45.000000      45.000000      90.000000      90.000000
    -20.00     -5.00      14.373100       0.000000       0.000000        26      25.0      26.0       0.292048     180.000000     360.000000      45.000000      45.000000      90.000000      90.000000
    -20.00      0.00      10.000000       0.000000       0.000000        26      25.0      26.0       0.292048     180.000000     360.000000      45.000000      45.000000      90.000000      90.000000
    -20.00      5.00       5.626900       0.000000       0.000000        26      25.0      26.0       0.292048     180.000000     360.000000      45.000000      45.000000      90.000000      90.000000
    -15.00    -20.00      27.492390       0.000000       0.000000        26      25.0      26.0       0.292048     180.000000     360.000000      45.000000      45.000000      90.000000      90.000000
    -15.00    -15.00      23.119301       0.000000       0.000000        26      25.0      26.0       0.292048     180.000000     360.000000      45.000000      45.000000      90.000000      90.000000
    -15.00    -10.00      18.746201       0.000000       0.000000        26      25.0      26.0       0.292048     180.000000     360.000000      45.000000      45.000000      90.000000      90.000000
    -15.00     -5.00      14.373100       0.000000       0.000000        26      25.0      26.0       0.292048     180.000000     360.000000      45.000000      45.000000      90.000000      90.000000
    -15.00      0.00      10.000000       0.000000       0.000000        26      25.0      26.0       0.292048     180.000000     360.000000      45.000000      45.000000      90.000000      90.000000
    -15.00      5.00       5.626900       0.000000       0.000000        26      25.0      26.0       0.292048     180.000000     360.000000      45.000000      45.000000      90.000000      90.000000
    -10.00    -20.00      27.492390       0.000000       0.000000        26      25.0      26.0       0.292048     180.000000     360.000000      45.000000      45.000000      90.000000      90.000000
    -10.00    -15.00      23.119301       0.000000       0.000000        26      25.0      26.0       0.292048     180.000000     360.000000      45.000000      45.000000      90.000000      90.000000
    -10.00    -10.00      18.746201       0.000000       0.000000        26      25.0      26.0       0.292048     180.000000     360.000000      45.000000      45.000000      90.000000      90.000000
    -10.00     -5.00      14.373100       0.000000       0.000000        26      25.0      26.0       0.292048     180.000000     360.000000      45.000000      45.000000      90.000000      90.000000
    -10.00      0.00      10.000000       0.000000       0.000000        26      25.0      26.0       0.292048     180.000000     360.000000      45.000000      45.000000      90.000000      90.000000
    -10.00      5.00       5.626900       0.000000       0.000000        26      25.0      26.0       0.292048     180.000000     360.000000      45.000000      45.000000      90.000000      90.000000
     -5.00    -20.00      27.492390       0.000000       0.000000        26      25.0      26.0       0.292048     180.000000     360.000000      45.000000      45.000000      90.000000      90.000000
     -5.00    -15.00      23.119301       0.000000       0.000000        26      25.0      26.0       0.292048     180.000000     360.000000      45.000000      45.000000      90.000000      90.000000
     -5.00    -10.00      18.746201       0.000000       0.000000        26      25.0      26.0       0.292048     180.000000     360.000000      45.000000      45.000000      90.000000      90.000000
     -5.00     -5.00      14.373100       0.000000       0.000000        26      25.0      26.0       0.292048     180.000000     360.000000      45.000000      45.000000      90.000000      90.000000
     -5.00      0.00      10.000000       0.000000       0.000000        26      25.0      26.0       0.292048     180.000000     360.000000      45.000000      45.000000      90.000000      90.000000
     -5.00      5.00       5.626900       0.000000       0.000000        26      25.0      26.0       0.292048     180.000000     360.000000      45.000000      45.000000      90.000000      90.000000
      0.00    -20.00      27.492390       0.000000       0.000000        26      25.0      26.0       0.292048     180.000000     360.000000      45.000000      45.000000      90.000000      90.000000
      0.00    -15.00      23.119301       0.000000       0.000000        26      25.0      26.0       0.292048     180.000000     360.000000      45.000000      45.000000      90.000000      90.000000
      0.00    -10.00      18.746201       0.000000       0.000000        26      25.0      26.0       0.292048     180.000000     360.000000      45.000000      45.000000      90.000000      90.000000
      0.00     -5.00      14.373100       0.000000       0.000000        26      25.0      26.0       0.292048     180.000000     360.000000      45.000000      45.000000      90.000000      90.000000
      0.00      0.00      10.000000       0.000000       0.000000        26      25.0      26.0       0.292048     180.000000     360.000000      45.000000      45.000000      90.000000      90.000000
      0.00      5.00       5.626900       0.000000       0.000000        26      25.0      26.0       0.292048     180.000000     360.000000      45.000000      45.000000      90.000000      90.000000
      5.00    -20.00      27.492390       0.000000       0.000000        26      25.0      26.0       0.292048     180.000000     360.000000      45.000000      45.000000      90.000000      90.000000
      5.00    -15.00      23.119301       0.000000       0.000000        26      25.0      26.0       0.292048     180.000000     360.000000      45.000000      45.000000      90.000000      90.000000
      5.00    -10.00      18.746201       0.000000       0.000000        26      25.0      26.0       0.292048     180.000000     360.000000      45.000000      45.000000      90.000000      90.000000
      5.00     -5.00      14.373100       0.000000       0.000000        26      25.0      26.0       0.292048     180.000000     360.000000      45.000000      45.000000      90.000000      90.000000
      5.00      0.00      10.000000       0.000000       0.000000        26      25.0      26.0       0.292048     180.000000     360.000000      45.000000      45.000000      90.000000      90.000000
      5.00      5.00       5.626900       0.000000       0.000000        26      25.0      26.0       0.292048     180.000000     360.000000      45.000000      45.000000      90.000000      90.000000
     10.00    -20.00      27.492390       0.000000       0.000000        26      25.0      26.0       0.292048     180.000000     360.000000      45.000000      45.000000      90.000000      90.000000
     10.00    -15.00      23.119301       0.000000       0.000000        26      25.0      26.0       0.292048     180.000000     360.000000      45.000000      45.000000      90.000000      90.000000
     10.00    -10.00      18.746201       0.000000       0.000000        26      25.0      26.0       0.292048     180.000000     360.000000      45.000000      45.000000      90.000000      90.000000
     10.00     -5.00      14.373100       0.000000       0.000000        26      25.0      26.0       0.292048     180.000000     360.000000      45.000000      45.000000      90.000000      90.000000
     10.00      0.00      10.000000       0.000000       0.000000        26      25.0      26.0       0.292048     180.000000     360.000000      45.000000      45.000000      90.000000      90.000000
     10.00      5.00       5.626900       0.000000       0.000000        26      25.0      26.0       0.292048     180.000000     360.000000      45.000000      45.000000      90.000000      90.000000
     15.00    -20.00      27.492390       0.000000       0.000000        26      25.0      26.0       0.292048     180.000000     360.000000      45.000000      45.000000      90.000000      90.000000
     15.00    -15.00      23.119301       0.000000       0.000000        26      25.0      26.0       0.292048     180.000000     360.000000      45.000000      45.000000      90.000000      90.000000
     15.00    -10.00      18.746201       0.000000       0.000000        26      25.0      26.0       0.292048     180.000000     360.000000      45.000000      45.000000      90.000000      90.000000
     15.00     -5.00      14.373100       0.000000       0.000000        26      25.0      26.0       0.292048     180.000000     360.000000      45.000000      45.000000      90.000000      90.000000
     15.00      0.00      10.000000       0.000000       0.000000        26      25.0      26.0       0.292048     180.000000     360.000000      45.000000      45.000000      90.000000      90.000000
     15.00      5.00       5.626900       0.000000       0.000000        26      25.0      26.0       0.292048     180.000000     360.000000      45.000000      45.000000      90.000000      90.000000
     20.00    -20.00      27.492390       0.000000       0.000000        26      25.0      26.0       0.292048     180.000000     360.000000      45.000000      45.000000      90.000000      90.000000
     20.00    -15.00      23.119301       0.000000       0.000000        26      25.0      26.0       0.292048     180.000000     360.000000      45.000000      45.000000      90.000000      90.000000
     20.00    -10.00      18.746201       0.000000       0.000000        26      25.0      26.0       0.292048     180.000000     360.000000      45.000000      45.000000      90.000000      90.000000
     20.00     -5.00      14.373100       0.000000       0.000000        26      25.0      26.0       0.292048     180.000000     360.000000      45.000000      45.000000      90.000000      90.000000
     20.00      0.00      10.000000       0.000000       0.000000        26      25.0      26.0       0.292048     180.000000     360.000000      45.000000      45.000000      90.000000      90.000000
     20.00      5.00       5.626900       0.000000       0.000000        26      25.0      26.0       0.292048     180.000000     360.000000      45.000000      45.000000      90.000000      90.000000
     25.00    -20.00      27.492390       0.000000       0.000000        26      25.0      26.0       0.292048     180.000000     360.000000      45.000000      45.000000      90.000000      90.000000
     25.00    -15.00      23.119301       0.000000       0.000000        26      25.0      26.0       0.292048     180.000000     360.000000      45.000000      45.000000      90.000000      90.000000
     25.00    -10.00      18.746201       0.000000       0.000000        26      25.0      26.0       0.292048     180.000000     360.000000      45.000000      45.000000      90.000000      90.000000
     25.00     -5.00      14.373100       0.000000       0.000000        26      25.0      26.0       0.292048     180.000000     360.000000      45.000000      45.000000      90.000000      90.000000
     25.00      0.00      10.000000       0.000000       0.000000        26      25.0      26.0       0.292048     180.000000     360.000000      45.000000      45.000000      90.000000      90.000000
     25.00      5.00       5.626900       0.000000       0.000000        26      25.0      26.0       0.292048     180.000000     360.000000      45.000000      45.000000      90.000000      90.000000
     30.00    -20.00      27.492390       0.000000       0.000000        26      25.0      26.0       0.292048     180.000000     360.000000      45.000000      45.000000      90.000000      90.000000
     30.00    -15.00      23.119301       0.000000       0.000000        26      25.0      26.0       0.292048     180.000000     360.000000      45.000000      45.000000      90.000000      90.000000
     30.00    -10.00      18.746201       0.000000       0.000000        26      25.0      26.0       0.292048     180.000000     360.000000      45.000000      45.000000      90.000000      90.000000
     30.00     -5.00      14.373100       0.000000       0.000000        26      25.0      26.0       0.292048     180.000000     360.000000      45.000000      45.000000      90.000000      90.000000
     30.00      0.00      10.000000       0.000000       0.000000        26      25.0      26.0       0.292048     180.000000     360.000000      45.000000      45.000000      90.000000      90.000000
     30.00      5.00       5.626900       0.000000       0.000000        26      25.0      26.0       0.292048     180.000000     360.000000      45.000000      45.000000      90.000000      90.000000
     35.00    -20.00      27.492390       0.000000       0.000000        26      25.0      26.0       0.292048     180.000000     360.000000      45.000000      45.000000      90.000000      90.000000
     35.00    -15.00      23.119301       0.000000       0.000000        26      25.0      26.0       0.292048     180.000000     360.000000      45.000000      45.000000      90.000000      90.000000
     35.00    -10.00      18.746201       0.000000       0.000000        26      25.0      26.0       0.292048     180.000000     360.000000      45.000000      45.000000      90.000000      90.000000
     35.00     -5.00      14.373100       0.000000       0.000000        26      25.0      26.0       0.292048     180.000000     360.000000      45.000000      45.000000      90.000000      90.000000
     35.00      0.00      10.000000       0.000000       0.000000        26      25.0      26.0       0.292048     180.000000     360.000000      45.000000      45.000000      90.000000      90.000000
     35.00      5.00       5.626900       0.000000       0.000000        26      25.0      26.0       0.292048     180.000000     360.000000      45.000000      45.000000      90.000000      90.000000
     40.00    -20.00      27.492390       0.000000       0.000000        26      25.0      26.0       0.292048     180.000000     360.000000      45.000000      45.000000      90.000000      90.000000
     40.00    -15.00      23.119301       0.000000       0.000000        26      25.0      26.0       0.292048     180.000000     360.000000      45.000000      45.000000      90.000000      90.000000
     40.00    -10.00      18.746201       0.000000       0.000000        26      25.0      26.0       0.292048     180.000000     360.000000      45.000000      45.000000      90.000000      90.000000
     40.00     -5.00      14.373100       0.000000       0.000000        26      25.0      26.0       0.292048     180.000000     360.000000      45.000000      45.000000      90.000000      90.000000
     40.00      0.00      10.000000       0.000000       0.000000        26      25.0      26.0       0.292048     180.000000     360.000000      45.000000      45.000000      90.000000      90.000000
     40.00      5.00       5.626900       0.000000       0.000000        26      25.0      26.0       0.292048     180.000000     360.000000      45.000000      45.000000      90.000000      90.000000
     45.00    -20.00      27.492390       0.000000       0.000000        26      25.0      26.0       0.292048     180.000000     360.000000      45.000000      45.000000      90.000000      90.000000
     45.00    -15.00      23.119301       0.000000       0.000000        26      25.0      26.0       0.292048     180.000000     360.000000      45.000000      45.000000      90.000000      90.000000
     45.00    -10.00      18.746201       0.000000       0.000000        26      25.0      26.0       0.292048     180.000000     360.000000      45.000000      45.000000      90.000000      90.000000
     45.00     -5.00      14.373100       0.000000       0.000000        26      25.0      26.0       0.292048     180.000000     360.000000      45.000000      45.000000      90.000000      90.000000
     45.00      0.00      10.000000       0.000000       0.000000        26      25.0      26.0       0.292048     180.000000     360.000000      45.000000      45.000000      90.000000      90.000000
     45.00      5.00       5.626900       0.000000       0.000000        26      25.0      26.0       0.292048     180.000000     360.000000      45.000000      45.000000      90.000000      90.000000
     50.00    -20.00      27.492390       0.028823       0.028823        26      25.0      26.0       0.292048     102.199997     224.539993      53.369999      54.270000     -46.700001    -132.690002
     50.00    -15.00      23.119301       0.003728       0.003728        26      25.0      26.0       0.292048     191.360001     347.200012      50.700001      41.900002     105.870003      71.529999
     50.00    -10.00      18.746201       0.002352       0.002352        26      25.0      26.0       0.292048      95.900002     338.989990      86.300003       8.130000     -97.239998     -27.150000
     50.00     -5.00      14.373100       0.009252       0.009252        26      25.0      26.0       0.292048      70.529999     250.550003      73.769997      16.230000      89.989998      90.019997
     50.00      0.00      10.000000       0.004758       0.004758        26      25.0      26.0       0.292048     103.330002     211.080002      73.029999      45.040001     132.369995      24.360001
     50.00      5.00       5.626900       0.006324       0.006324        26      25.0      26.0       0.292048     178.699997      77.580002      89.279999       3.730000     -93.660004     -11.130000
