  -50.0000000      -20.0000000      0.395939976       5.35160005E-02
  -50.0000000      -15.0000000      0.478498042       6.91459998E-02
  -50.0000000      -10.0000000      0.399985969       5.31070009E-02
  -50.0000000      -5.00000000      0.388528973       4.83070016E-02
  -50.0000000       0.00000000      0.490742028       6.21340014E-02
  -50.0000000       5.00000000      0.588587940       6.88909963E-02
  -45.0000000      -20.0000000      0.500438988       5.75859994E-02
  -45.0000000      -15.0000000      0.625335038       7.64530003E-02
  -45.0000000      -10.0000000      0.572197974       6.35519996E-02
  -45.0000000      -5.00000000      0.547276020       6.71489984E-02
  -45.0000000       0.00000000      0.778041005       9.20279995E-02
  -45.0000000       5.00000000      0.889318049      0.102858998    
  -40.0000000      -20.0000000      0.602715015       9.66529995E-02
  -40.0000000      -15.0000000      0.702519059      0.102876998    
  -40.0000000      -10.0000000      0.572899044       7.56030008E-02
  -40.0000000      -5.00000000      0.684020936       7.44640008E-02
  -40.0000000       0.00000000       1.06489587      0.119410001    
  -40.0000000       5.00000000       1.28157294      0.146800995    
  -35.0000000      -20.0000000      0.548220992       7.92250037E-02
  -35.0000000      -15.0000000      0.614894927       8.22139978E-02
  -35.0000000      -10.0000000      0.527562022       5.52860014E-02
  -35.0000000      -5.00000000      0.794050038      0.106545001    
  -35.0000000       0.00000000       1.31062698      0.167806998    
  -35.0000000       5.00000000       1.56097198      0.198774993    
  -30.0000000      -20.0000000      0.489463985       5.36900014E-02
  -30.0000000      -15.0000000      0.551229000       5.68239987E-02
  -30.0000000      -10.0000000      0.561008990       6.16480000E-02
  -30.0000000      -5.00000000       1.02468908      0.127853006    
  -30.0000000       0.00000000       1.50383580      0.191532999    
  -30.0000000       5.00000000       1.79294896      0.235709995    
  -25.0000000      -20.0000000      0.422261000       7.29980022E-02
  -25.0000000      -15.0000000      0.440472960       5.33370003E-02
  -25.0000000      -10.0000000      0.622761965       8.37280005E-02
  -25.0000000      -5.00000000       1.19694591      0.164654002    
  -25.0000000       0.00000000       1.69022310      0.221392006    
  -25.0000000       5.00000000       2.03454518      0.253695011    
  -20.0000000      -20.0000000      0.380943000       5.48780002E-02
  -20.0000000      -15.0000000      0.377238005       4.06490006E-02
  -20.0000000      -10.0000000      0.668734014       8.62200037E-02
  -20.0000000      -5.00000000       1.28153288      0.189711004    
  -20.0000000       0.00000000       1.85671115      0.239999995    
  -20.0000000       5.00000000       2.28093624      0.280027002    
  -15.0000000      -20.0000000      0.412418008       7.00000003E-02
  -15.0000000      -15.0000000      0.392506987       4.87480015E-02
  -15.0000000      -10.0000000      0.632978976       8.94280002E-02
  -15.0000000      -5.00000000       1.18645406      0.186054006    
  -15.0000000       0.00000000       1.83117998      0.253574997    
  -15.0000000       5.00000000       2.28666973      0.282148004    
  -10.0000000      -20.0000000      0.437922031       6.59599975E-02
  -10.0000000      -15.0000000      0.398431003       5.32549992E-02
  -10.0000000      -10.0000000      0.622718990       8.97909999E-02
  -10.0000000      -5.00000000       1.23466516      0.173201993    
  -10.0000000       0.00000000       1.86709905      0.250573009    
  -10.0000000       5.00000000       2.30199003      0.284691006    
  -5.00000000      -20.0000000      0.429037988       5.06240018E-02
  -5.00000000      -15.0000000      0.386663020       4.91239987E-02
  -5.00000000      -10.0000000      0.667278051       7.85539970E-02
  -5.00000000      -5.00000000       1.40694892      0.156924993    
  -5.00000000       0.00000000       2.00091791      0.225163996    
  -5.00000000       5.00000000       2.41173005      0.291779011    
   0.00000000      -20.0000000      0.370505989       5.57399988E-02
   0.00000000      -15.0000000      0.338508993       4.68889996E-02
   0.00000000      -10.0000000      0.588896990       8.76059979E-02
   0.00000000      -5.00000000       1.39061689      0.193278000    
   0.00000000       0.00000000       1.96293783      0.239210993    
   0.00000000       5.00000000       2.37771058      0.292048007    
   5.00000000      -20.0000000      0.366637975       4.92770001E-02
   5.00000000      -15.0000000      0.360332966       4.30039987E-02
   5.00000000      -10.0000000      0.589710951       8.73320028E-02
   5.00000000      -5.00000000       1.24086499      0.181979999    
   5.00000000       0.00000000       1.74082994      0.234692007    
   5.00000000       5.00000000       2.15903282      0.292046010    
   10.0000000      -20.0000000      0.371291012       4.11969982E-02
   10.0000000      -15.0000000      0.429074019       5.04640006E-02
   10.0000000      -10.0000000      0.545426965       7.53439963E-02
   10.0000000      -5.00000000      0.950423956      0.133122995    
   10.0000000       0.00000000       1.40650403      0.192827001    
   10.0000000       5.00000000       1.79317796      0.246877998    
   15.0000000      -20.0000000      0.357910007       4.44150008E-02
   15.0000000      -15.0000000      0.448587000       6.12780005E-02
   15.0000000      -10.0000000      0.433582008       7.77110010E-02
   15.0000000      -5.00000000      0.683218062      0.101107001    
   15.0000000       0.00000000       1.02533007      0.132910997    
   15.0000000       5.00000000       1.34001887      0.155026004    
   20.0000000      -20.0000000      0.394555986       5.18749990E-02
   20.0000000      -15.0000000      0.463870019       6.74849972E-02
   20.0000000      -10.0000000      0.323144019       6.84190020E-02
   20.0000000      -5.00000000      0.505020976       6.44989982E-02
   20.0000000       0.00000000      0.728935957       9.53399986E-02
   20.0000000       5.00000000      0.928104043      0.128050998    
   25.0000000      -20.0000000      0.480523020       7.36960024E-02
   25.0000000      -15.0000000      0.499945045       7.08990023E-02
   25.0000000      -10.0000000      0.312923968       4.69990000E-02
   25.0000000      -5.00000000      0.479849994       5.56790009E-02
   25.0000000       0.00000000      0.746156037      0.101439998    
   25.0000000       5.00000000      0.955512047      0.126407996    
   30.0000000      -20.0000000      0.444861978       7.68489987E-02
   30.0000000      -15.0000000      0.491397023       7.37269968E-02
   30.0000000      -10.0000000      0.262827009       3.17750014E-02
   30.0000000      -5.00000000      0.490684003       5.84629998E-02
   30.0000000       0.00000000      0.796798050       9.76290032E-02
   30.0000000       5.00000000       1.08229494      0.122322001    
   35.0000000      -20.0000000      0.419605941       9.11339968E-02
   35.0000000      -15.0000000      0.370307028       5.42399995E-02
   35.0000000      -10.0000000      0.336052001       3.98739986E-02
   35.0000000      -5.00000000      0.542725027       6.28610030E-02
   35.0000000       0.00000000      0.829021037       8.99050012E-02
   35.0000000       5.00000000       1.00039804      0.112225004    
   40.0000000      -20.0000000      0.396156996       5.49530014E-02
   40.0000000      -15.0000000      0.410696000       5.43820001E-02
   40.0000000      -10.0000000      0.456254035       5.79119995E-02
   40.0000000      -5.00000000      0.653893948       7.82150030E-02
   40.0000000       0.00000000      0.865645051      0.100271001    
   40.0000000       5.00000000       1.02055502      0.113389000    
   45.0000000      -20.0000000      0.450607032       7.00990036E-02
   45.0000000      -15.0000000      0.516408026       5.77760004E-02
   45.0000000      -10.0000000      0.527550995       6.57970011E-02
   45.0000000      -5.00000000      0.661144018       8.10860023E-02
   45.0000000       0.00000000      0.813901007       9.51799974E-02
   45.0000000       5.00000000      0.879987001      0.105954997    
   50.0000000      -20.0000000      0.329742014       3.87259983E-02
   50.0000000      -15.0000000      0.384648979       4.52429987E-02
   50.0000000      -10.0000000      0.396526992       4.82770018E-02
   50.0000000      -5.00000000      0.490418047       5.41089997E-02
   50.0000000       0.00000000      0.545852959       6.18080013E-02
   50.0000000       5.00000000      0.610482991       7.16829970E-02
