 Time, xloc, ave SR, max SR
   0.00000000      -50.0000000       0.00000000       0.00000000    
   1.00000000      -50.0000000       0.00000000       0.00000000    
   2.00000000      -50.0000000       0.00000000       0.00000000    
   3.00000000      -50.0000000       0.00000000       0.00000000    
   4.00000000      -50.0000000       0.00000000       0.00000000    
   5.00000000      -50.0000000       0.00000000       0.00000000    
   6.00000000      -50.0000000       0.00000000       0.00000000    
   7.00000000      -50.0000000       0.00000000       0.00000000    
   8.00000000      -50.0000000       0.00000000       0.00000000    
   9.00000000      -50.0000000       0.00000000       0.00000000    
   10.0000000      -50.0000000       0.00000000       0.00000000    
   11.0000000      -50.0000000       0.00000000       0.00000000    
   12.0000000      -50.0000000       1.04657153E-03   1.74099999E-03
   13.0000000      -50.0000000       2.30847150E-02   3.70439999E-02
   14.0000000      -50.0000000       3.44390012E-02   4.21699993E-02
   15.0000000      -50.0000000       3.80408578E-02   5.75760007E-02
   16.0000000      -50.0000000       3.73311415E-02   6.55250028E-02
   17.0000000      -50.0000000       3.72131430E-02   6.34870008E-02
   18.0000000      -50.0000000       3.90225723E-02   5.67339994E-02
   19.0000000      -50.0000000       3.95358577E-02   5.05630001E-02
   20.0000000      -50.0000000       3.37114260E-02   4.82200012E-02
   21.0000000      -50.0000000       3.36412899E-02   4.62470017E-02
   22.0000000      -50.0000000       3.16077136E-02   4.95290011E-02
   23.0000000      -50.0000000       3.27984318E-02   4.93060015E-02
   24.0000000      -50.0000000       2.65862849E-02   4.19539995E-02
   25.0000000      -50.0000000       5.55242877E-03   9.13199969E-03
   26.0000000      -50.0000000       5.31428595E-05   3.72000010E-04
   27.0000000      -50.0000000       0.00000000       0.00000000    
   28.0000000      -50.0000000       0.00000000       0.00000000    
   29.0000000      -50.0000000       0.00000000       0.00000000    
   0.00000000      -45.0000000       0.00000000       0.00000000    
   1.00000000      -45.0000000       0.00000000       0.00000000    
   2.00000000      -45.0000000       0.00000000       0.00000000    
   3.00000000      -45.0000000       0.00000000       0.00000000    
   4.00000000      -45.0000000       0.00000000       0.00000000    
   5.00000000      -45.0000000       0.00000000       0.00000000    
   6.00000000      -45.0000000       0.00000000       0.00000000    
   7.00000000      -45.0000000       0.00000000       0.00000000    
   8.00000000      -45.0000000       0.00000000       0.00000000    
   9.00000000      -45.0000000       0.00000000       0.00000000    
   10.0000000      -45.0000000       0.00000000       0.00000000    
   11.0000000      -45.0000000       9.64585692E-03   2.35610008E-02
   12.0000000      -45.0000000       2.43262853E-02   4.29329984E-02
   13.0000000      -45.0000000       3.57964262E-02   4.85490002E-02
   14.0000000      -45.0000000       4.29182872E-02   7.34300017E-02
   15.0000000      -45.0000000       5.32810017E-02   9.78949964E-02
   16.0000000      -45.0000000       5.87849990E-02  0.102284998    
   17.0000000      -45.0000000       5.74861430E-02  0.102181002    
   18.0000000      -45.0000000       5.91939986E-02   8.94199982E-02
   19.0000000      -45.0000000       5.72172813E-02   6.60350025E-02
   20.0000000      -45.0000000       4.68525700E-02   5.74479997E-02
   21.0000000      -45.0000000       4.11877111E-02   5.01939990E-02
   22.0000000      -45.0000000       3.41777168E-02   4.80530001E-02
   23.0000000      -45.0000000       1.94889996E-02   5.14409989E-02
   24.0000000      -45.0000000       2.95099989E-03   2.06569992E-02
   25.0000000      -45.0000000       0.00000000       0.00000000    
   26.0000000      -45.0000000       0.00000000       0.00000000    
   27.0000000      -45.0000000       0.00000000       0.00000000    
   28.0000000      -45.0000000       0.00000000       0.00000000    
   29.0000000      -45.0000000       0.00000000       0.00000000    
   0.00000000      -40.0000000       0.00000000       0.00000000    
   1.00000000      -40.0000000       0.00000000       0.00000000    
   2.00000000      -40.0000000       0.00000000       0.00000000    
   3.00000000      -40.0000000       0.00000000       0.00000000    
   4.00000000      -40.0000000       0.00000000       0.00000000    
   5.00000000      -40.0000000       0.00000000       0.00000000    
   6.00000000      -40.0000000       0.00000000       0.00000000    
   7.00000000      -40.0000000       0.00000000       0.00000000    
   8.00000000      -40.0000000       0.00000000       0.00000000    
   9.00000000      -40.0000000       3.76200001E-03   1.02080004E-02
   10.0000000      -40.0000000       3.01969983E-02   6.17600009E-02
   11.0000000      -40.0000000       4.04834263E-02   5.90209998E-02
   12.0000000      -40.0000000       3.87921408E-02   6.11240007E-02
   13.0000000      -40.0000000       3.88745666E-02   6.89489990E-02
   14.0000000      -40.0000000       4.70804274E-02   9.92960036E-02
   15.0000000      -40.0000000       5.67632839E-02  0.119751997    
   16.0000000      -40.0000000       6.42242879E-02  0.113132000    
   17.0000000      -40.0000000       6.12041429E-02  0.111791000    
   18.0000000      -40.0000000       5.74987158E-02   9.23700035E-02
   19.0000000      -40.0000000       5.26959971E-02   6.90229982E-02
   20.0000000      -40.0000000       3.89312841E-02   4.62509990E-02
   21.0000000      -40.0000000       2.49515735E-02   3.86239998E-02
   22.0000000      -40.0000000       4.73442813E-03   1.25770001E-02
   23.0000000      -40.0000000       6.04285742E-05   2.20000002E-04
   24.0000000      -40.0000000       0.00000000       0.00000000    
   25.0000000      -40.0000000       0.00000000       0.00000000    
   26.0000000      -40.0000000       0.00000000       0.00000000    
   27.0000000      -40.0000000       0.00000000       0.00000000    
   28.0000000      -40.0000000       0.00000000       0.00000000    
   29.0000000      -40.0000000       0.00000000       0.00000000    
   0.00000000      -35.0000000       0.00000000       0.00000000    
   1.00000000      -35.0000000       0.00000000       0.00000000    
   2.00000000      -35.0000000       0.00000000       0.00000000    
   3.00000000      -35.0000000       0.00000000       0.00000000    
   4.00000000      -35.0000000       0.00000000       0.00000000    
   5.00000000      -35.0000000       0.00000000       0.00000000    
   6.00000000      -35.0000000       0.00000000       0.00000000    
   7.00000000      -35.0000000       0.00000000       0.00000000    
   8.00000000      -35.0000000       1.75355710E-02   2.98939999E-02
   9.00000000      -35.0000000       3.09214294E-02   6.26450032E-02
   10.0000000      -35.0000000       4.27282825E-02   7.64169991E-02
   11.0000000      -35.0000000       5.19831441E-02   6.92289993E-02
   12.0000000      -35.0000000       5.64234294E-02   8.75580013E-02
   13.0000000      -35.0000000       4.79492880E-02   9.11229998E-02
   14.0000000      -35.0000000       4.75049987E-02  0.114283003    
   15.0000000      -35.0000000       5.60785718E-02  0.124486998    
   16.0000000      -35.0000000       6.03818595E-02  0.108600996    
   17.0000000      -35.0000000       5.34869991E-02   9.82299969E-02
   18.0000000      -35.0000000       4.18532826E-02   7.02589974E-02
   19.0000000      -35.0000000       3.25057134E-02   4.76399995E-02
   20.0000000      -35.0000000       1.41501427E-02   2.16099992E-02
   21.0000000      -35.0000000       3.18399980E-03   1.65209994E-02
   22.0000000      -35.0000000       2.09142847E-04   1.46399997E-03
   23.0000000      -35.0000000       0.00000000       0.00000000    
   24.0000000      -35.0000000       0.00000000       0.00000000    
   25.0000000      -35.0000000       0.00000000       0.00000000    
   26.0000000      -35.0000000       0.00000000       0.00000000    
   27.0000000      -35.0000000       0.00000000       0.00000000    
   28.0000000      -35.0000000       0.00000000       0.00000000    
   29.0000000      -35.0000000       0.00000000       0.00000000    
   0.00000000      -30.0000000       0.00000000       0.00000000    
   1.00000000      -30.0000000       0.00000000       0.00000000    
   2.00000000      -30.0000000       0.00000000       0.00000000    
   3.00000000      -30.0000000       0.00000000       0.00000000    
   4.00000000      -30.0000000       0.00000000       0.00000000    
   5.00000000      -30.0000000       0.00000000       0.00000000    
   6.00000000      -30.0000000       0.00000000       0.00000000    
   7.00000000      -30.0000000       1.81079991E-02   3.78290005E-02
   8.00000000      -30.0000000       3.77270021E-02   6.04819991E-02
   9.00000000      -30.0000000       3.81954275E-02   5.60860001E-02
   10.0000000      -30.0000000       4.68495712E-02   6.99310005E-02
   11.0000000      -30.0000000       5.55181429E-02   7.63579980E-02
   12.0000000      -30.0000000       6.14874288E-02   9.86749977E-02
   13.0000000      -30.0000000       5.72385713E-02  0.104955003    
   14.0000000      -30.0000000       5.03898598E-02  0.119266003    
   15.0000000      -30.0000000       5.28689995E-02  0.116474003    
   16.0000000      -30.0000000       4.93167154E-02   9.12749991E-02
   17.0000000      -30.0000000       3.79607119E-02   6.89359978E-02
   18.0000000      -30.0000000       2.24990007E-02   3.31850015E-02
   19.0000000      -30.0000000       1.15987137E-02   1.75209995E-02
   20.0000000      -30.0000000       1.29528565E-03   9.06699989E-03
   21.0000000      -30.0000000       0.00000000       0.00000000    
   22.0000000      -30.0000000       0.00000000       0.00000000    
   23.0000000      -30.0000000       0.00000000       0.00000000    
   24.0000000      -30.0000000       0.00000000       0.00000000    
   25.0000000      -30.0000000       0.00000000       0.00000000    
   26.0000000      -30.0000000       0.00000000       0.00000000    
   27.0000000      -30.0000000       0.00000000       0.00000000    
   28.0000000      -30.0000000       0.00000000       0.00000000    
   29.0000000      -30.0000000       0.00000000       0.00000000    
   0.00000000      -25.0000000       0.00000000       0.00000000    
   1.00000000      -25.0000000       0.00000000       0.00000000    
   2.00000000      -25.0000000       0.00000000       0.00000000    
   3.00000000      -25.0000000       0.00000000       0.00000000    
   4.00000000      -25.0000000       0.00000000       0.00000000    
   5.00000000      -25.0000000       3.29571427E-03   7.37199979E-03
   6.00000000      -25.0000000       2.16461420E-02   4.35299985E-02
   7.00000000      -25.0000000       3.23995724E-02   5.47950007E-02
   8.00000000      -25.0000000       3.83947156E-02   5.66000007E-02
   9.00000000      -25.0000000       4.12504300E-02   7.87540004E-02
   10.0000000      -25.0000000       4.76225689E-02   8.40160027E-02
   11.0000000      -25.0000000       5.47480062E-02   8.50030035E-02
   12.0000000      -25.0000000       5.71115687E-02   9.72070023E-02
   13.0000000      -25.0000000       5.85751422E-02  0.104812004    
   14.0000000      -25.0000000       4.85808589E-02  0.108842000    
   15.0000000      -25.0000000       4.64668572E-02   9.91270021E-02
   16.0000000      -25.0000000       3.65554318E-02   6.41790032E-02
   17.0000000      -25.0000000       2.05504280E-02   3.48119996E-02
   18.0000000      -25.0000000       7.14842835E-03   2.15200000E-02
   19.0000000      -25.0000000       9.80142853E-04   6.50299992E-03
   20.0000000      -25.0000000       0.00000000       0.00000000    
   21.0000000      -25.0000000       0.00000000       0.00000000    
   22.0000000      -25.0000000       0.00000000       0.00000000    
   23.0000000      -25.0000000       0.00000000       0.00000000    
   24.0000000      -25.0000000       0.00000000       0.00000000    
   25.0000000      -25.0000000       0.00000000       0.00000000    
   26.0000000      -25.0000000       0.00000000       0.00000000    
   27.0000000      -25.0000000       0.00000000       0.00000000    
   28.0000000      -25.0000000       0.00000000       0.00000000    
   29.0000000      -25.0000000       0.00000000       0.00000000    
   0.00000000      -20.0000000       0.00000000       0.00000000    
   1.00000000      -20.0000000       0.00000000       0.00000000    
   2.00000000      -20.0000000       0.00000000       0.00000000    
   3.00000000      -20.0000000       0.00000000       0.00000000    
   4.00000000      -20.0000000       2.12048572E-02   4.21370007E-02
   5.00000000      -20.0000000       4.03950028E-02   7.45529979E-02
   6.00000000      -20.0000000       4.81212921E-02   7.29790032E-02
   7.00000000      -20.0000000       4.55298610E-02   7.94899985E-02
   8.00000000      -20.0000000       4.25548553E-02   9.62390006E-02
   9.00000000      -20.0000000       4.34854291E-02  0.101388000    
   10.0000000      -20.0000000       4.90457155E-02   9.36739966E-02
   11.0000000      -20.0000000       5.13934307E-02   8.46299976E-02
   12.0000000      -20.0000000       5.10257147E-02   8.51750001E-02
   13.0000000      -20.0000000       5.08791395E-02   9.10219997E-02
   14.0000000      -20.0000000       3.84405740E-02   8.17340016E-02
   15.0000000      -20.0000000       3.38979997E-02   6.51580021E-02
   16.0000000      -20.0000000       1.25297140E-02   2.35799998E-02
   17.0000000      -20.0000000       1.32757134E-03   5.96799981E-03
   18.0000000      -20.0000000       9.51428592E-05   6.66000007E-04
   19.0000000      -20.0000000       0.00000000       0.00000000    
   20.0000000      -20.0000000       0.00000000       0.00000000    
   21.0000000      -20.0000000       0.00000000       0.00000000    
   22.0000000      -20.0000000       0.00000000       0.00000000    
   23.0000000      -20.0000000       0.00000000       0.00000000    
   24.0000000      -20.0000000       0.00000000       0.00000000    
   25.0000000      -20.0000000       0.00000000       0.00000000    
   26.0000000      -20.0000000       0.00000000       0.00000000    
   27.0000000      -20.0000000       0.00000000       0.00000000    
   28.0000000      -20.0000000       0.00000000       0.00000000    
   29.0000000      -20.0000000       0.00000000       0.00000000    
   0.00000000      -15.0000000       0.00000000       0.00000000    
   1.00000000      -15.0000000       0.00000000       0.00000000    
   2.00000000      -15.0000000       4.42142831E-03   1.75470002E-02
   3.00000000      -15.0000000       2.32004281E-02   5.53420000E-02
   4.00000000      -15.0000000       4.94577177E-02   7.44730011E-02
   5.00000000      -15.0000000       7.28750080E-02   9.19110030E-02
   6.00000000      -15.0000000       8.15521479E-02  0.109871998    
   7.00000000      -15.0000000       7.32865706E-02  0.125650004    
   8.00000000      -15.0000000       6.09184280E-02  0.135497004    
   9.00000000      -15.0000000       5.37227131E-02  0.126414999    
   10.0000000      -15.0000000       4.98542823E-02  0.100837000    
   11.0000000      -15.0000000       5.03682867E-02   8.16550031E-02
   12.0000000      -15.0000000       4.10948582E-02   6.73289970E-02
   13.0000000      -15.0000000       3.59329991E-02   5.84480017E-02
   14.0000000      -15.0000000       2.79230010E-02   4.25509997E-02
   15.0000000      -15.0000000       1.44365719E-02   3.75929996E-02
   16.0000000      -15.0000000       2.76057166E-03   1.10299997E-02
   17.0000000      -15.0000000       7.95285683E-04   5.56699978E-03
   18.0000000      -15.0000000       0.00000000       0.00000000    
   19.0000000      -15.0000000       0.00000000       0.00000000    
   20.0000000      -15.0000000       0.00000000       0.00000000    
   21.0000000      -15.0000000       0.00000000       0.00000000    
   22.0000000      -15.0000000       0.00000000       0.00000000    
   23.0000000      -15.0000000       0.00000000       0.00000000    
   24.0000000      -15.0000000       0.00000000       0.00000000    
   25.0000000      -15.0000000       0.00000000       0.00000000    
   26.0000000      -15.0000000       0.00000000       0.00000000    
   27.0000000      -15.0000000       0.00000000       0.00000000    
   28.0000000      -15.0000000       0.00000000       0.00000000    
   29.0000000      -15.0000000       0.00000000       0.00000000    
   0.00000000      -10.0000000       6.51714334E-04   2.21400009E-03
   1.00000000      -10.0000000       1.66994277E-02   4.37440015E-02
   2.00000000      -10.0000000       3.86881456E-02   7.10429996E-02
   3.00000000      -10.0000000       5.95972836E-02   9.27520022E-02
   4.00000000      -10.0000000       8.51608515E-02  0.131019995    
   5.00000000      -10.0000000       9.27945822E-02  0.141394004    
   6.00000000      -10.0000000       9.83352810E-02  0.167915002    
   7.00000000      -10.0000000       9.63140056E-02  0.176289007    
   8.00000000      -10.0000000       8.44990015E-02  0.173961997    
   9.00000000      -10.0000000       7.00105652E-02  0.150475994    
   10.0000000      -10.0000000       6.12325706E-02  0.117251001    
   11.0000000      -10.0000000       5.28304279E-02   8.93009976E-02
   12.0000000      -10.0000000       3.25984247E-02   6.06830008E-02
   13.0000000      -10.0000000       1.94184296E-02   4.31400016E-02
   14.0000000      -10.0000000       1.00507140E-02   3.94360013E-02
   15.0000000      -10.0000000       1.15050003E-02   6.44410029E-02
   16.0000000      -10.0000000       4.00614273E-03   2.80430000E-02
   17.0000000      -10.0000000       0.00000000       0.00000000    
   18.0000000      -10.0000000       0.00000000       0.00000000    
   19.0000000      -10.0000000       0.00000000       0.00000000    
   20.0000000      -10.0000000       0.00000000       0.00000000    
   21.0000000      -10.0000000       0.00000000       0.00000000    
   22.0000000      -10.0000000       0.00000000       0.00000000    
   23.0000000      -10.0000000       0.00000000       0.00000000    
   24.0000000      -10.0000000       0.00000000       0.00000000    
   25.0000000      -10.0000000       0.00000000       0.00000000    
   26.0000000      -10.0000000       0.00000000       0.00000000    
   27.0000000      -10.0000000       0.00000000       0.00000000    
   28.0000000      -10.0000000       0.00000000       0.00000000    
   29.0000000      -10.0000000       0.00000000       0.00000000    
   0.00000000      -5.00000000       1.53915714E-02   3.98599990E-02
   1.00000000      -5.00000000       4.97458577E-02   9.74930003E-02
   2.00000000      -5.00000000       7.60361403E-02  0.135567993    
   3.00000000      -5.00000000       9.34579968E-02  0.150576994    
   4.00000000      -5.00000000      0.102957435      0.168529004    
   5.00000000      -5.00000000      0.108413145      0.192707002    
   6.00000000      -5.00000000      0.108630858      0.210500002    
   7.00000000      -5.00000000      0.107062995      0.217630997    
   8.00000000      -5.00000000      0.103233717      0.206713006    
   9.00000000      -5.00000000       9.02585760E-02  0.177857995    
   10.0000000      -5.00000000       7.48062804E-02  0.143384993    
   11.0000000      -5.00000000       6.10335693E-02  0.108218998    
   12.0000000      -5.00000000       3.04895733E-02   6.92199990E-02
   13.0000000      -5.00000000       1.12781432E-02   3.61360013E-02
   14.0000000      -5.00000000       8.09414219E-03   3.65130007E-02
   15.0000000      -5.00000000       8.02114327E-03   5.57879992E-02
   16.0000000      -5.00000000       3.75571428E-03   2.62899995E-02
   17.0000000      -5.00000000       0.00000000       0.00000000    
   18.0000000      -5.00000000       0.00000000       0.00000000    
   19.0000000      -5.00000000       0.00000000       0.00000000    
   20.0000000      -5.00000000       0.00000000       0.00000000    
   21.0000000      -5.00000000       0.00000000       0.00000000    
   22.0000000      -5.00000000       0.00000000       0.00000000    
   23.0000000      -5.00000000       0.00000000       0.00000000    
   24.0000000      -5.00000000       0.00000000       0.00000000    
   25.0000000      -5.00000000       0.00000000       0.00000000    
   26.0000000      -5.00000000       0.00000000       0.00000000    
   27.0000000      -5.00000000       0.00000000       0.00000000    
   28.0000000      -5.00000000       0.00000000       0.00000000    
   29.0000000      -5.00000000       0.00000000       0.00000000    
   0.00000000       0.00000000       1.99581422E-02   6.69749975E-02
   1.00000000       0.00000000       6.60939962E-02  0.136063993    
   2.00000000       0.00000000      0.100355707      0.176701993    
   3.00000000       0.00000000      0.112963997      0.185451001    
   4.00000000       0.00000000      0.112256289      0.182793006    
   5.00000000       0.00000000      0.114518143      0.215421006    
   6.00000000       0.00000000      0.112193428      0.230790004    
   7.00000000       0.00000000      0.114063434      0.244257003    
   8.00000000       0.00000000      0.118283868      0.234569997    
   9.00000000       0.00000000      0.107787713      0.205026001    
   10.0000000       0.00000000       8.56747106E-02  0.167721003    
   11.0000000       0.00000000       6.39868602E-02  0.122956000    
   12.0000000       0.00000000       2.93031428E-02   7.70699978E-02
   13.0000000       0.00000000       1.09927142E-02   3.50329988E-02
   14.0000000       0.00000000       8.95171426E-03   3.70899998E-02
   15.0000000       0.00000000       4.77071432E-03   3.29389982E-02
   16.0000000       0.00000000       2.29042838E-03   1.60329994E-02
   17.0000000       0.00000000       0.00000000       0.00000000    
   18.0000000       0.00000000       0.00000000       0.00000000    
   19.0000000       0.00000000       0.00000000       0.00000000    
   20.0000000       0.00000000       0.00000000       0.00000000    
   21.0000000       0.00000000       0.00000000       0.00000000    
   22.0000000       0.00000000       0.00000000       0.00000000    
   23.0000000       0.00000000       0.00000000       0.00000000    
   24.0000000       0.00000000       0.00000000       0.00000000    
   25.0000000       0.00000000       0.00000000       0.00000000    
   26.0000000       0.00000000       0.00000000       0.00000000    
   27.0000000       0.00000000       0.00000000       0.00000000    
   28.0000000       0.00000000       0.00000000       0.00000000    
   29.0000000       0.00000000       0.00000000       0.00000000    
   0.00000000       5.00000000       1.89178567E-02   6.84169978E-02
   1.00000000       5.00000000       6.07369952E-02  0.115769997    
   2.00000000       5.00000000       9.67552811E-02  0.161909997    
   3.00000000       5.00000000      0.111261852      0.187808007    
   4.00000000       5.00000000      0.114686422      0.176824003    
   5.00000000       5.00000000      0.111023426      0.210526004    
   6.00000000       5.00000000      0.111154281      0.232479006    
   7.00000000       5.00000000      0.118797861      0.254626006    
   8.00000000       5.00000000      0.127535149      0.251100004    
   9.00000000       5.00000000      0.119196005      0.225148007    
   10.0000000       5.00000000       9.37517136E-02  0.185556993    
   11.0000000       5.00000000       6.63252845E-02  0.133010998    
   12.0000000       5.00000000       2.89227162E-02   7.66609982E-02
   13.0000000       5.00000000       1.05342856E-02   3.32069993E-02
   14.0000000       5.00000000       8.72785691E-03   3.34380008E-02
   15.0000000       5.00000000       3.19628580E-03   2.18630005E-02
   16.0000000       5.00000000       1.81542861E-03   1.27079999E-02
   17.0000000       5.00000000       0.00000000       0.00000000    
   18.0000000       5.00000000       0.00000000       0.00000000    
   19.0000000       5.00000000       0.00000000       0.00000000    
   20.0000000       5.00000000       0.00000000       0.00000000    
   21.0000000       5.00000000       0.00000000       0.00000000    
   22.0000000       5.00000000       0.00000000       0.00000000    
   23.0000000       5.00000000       0.00000000       0.00000000    
   24.0000000       5.00000000       0.00000000       0.00000000    
   25.0000000       5.00000000       0.00000000       0.00000000    
   26.0000000       5.00000000       0.00000000       0.00000000    
   27.0000000       5.00000000       0.00000000       0.00000000    
   28.0000000       5.00000000       0.00000000       0.00000000    
   29.0000000       5.00000000       0.00000000       0.00000000    
   0.00000000       10.0000000       8.12000013E-04   2.12100009E-03
   1.00000000       10.0000000       2.07862835E-02   5.03380001E-02
   2.00000000       10.0000000       5.93880005E-02  0.107304998    
   3.00000000       10.0000000       8.20961446E-02  0.149056002    
   4.00000000       10.0000000       9.39147100E-02  0.140924007    
   5.00000000       10.0000000       9.96828601E-02  0.182491004    
   6.00000000       10.0000000      0.108306713      0.215262994    
   7.00000000       10.0000000      0.119904287      0.240834996    
   8.00000000       10.0000000      0.129761711      0.251269996    
   9.00000000       10.0000000      0.126632005      0.237498999    
   10.0000000       10.0000000      0.101936288      0.199315995    
   11.0000000       10.0000000       7.55620003E-02  0.149063006    
   12.0000000       10.0000000       4.52289991E-02   8.73669982E-02
   13.0000000       10.0000000       1.51021415E-02   3.81870009E-02
   14.0000000       10.0000000       6.61557168E-03   2.92349998E-02
   15.0000000       10.0000000       4.77671390E-03   2.02220008E-02
   16.0000000       10.0000000       1.58557144E-03   1.10990005E-02
   17.0000000       10.0000000       0.00000000       0.00000000    
   18.0000000       10.0000000       0.00000000       0.00000000    
   19.0000000       10.0000000       0.00000000       0.00000000    
   20.0000000       10.0000000       0.00000000       0.00000000    
   21.0000000       10.0000000       0.00000000       0.00000000    
   22.0000000       10.0000000       0.00000000       0.00000000    
   23.0000000       10.0000000       0.00000000       0.00000000    
   24.0000000       10.0000000       0.00000000       0.00000000    
   25.0000000       10.0000000       0.00000000       0.00000000    
   26.0000000       10.0000000       0.00000000       0.00000000    
   27.0000000       10.0000000       0.00000000       0.00000000    
   28.0000000       10.0000000       0.00000000       0.00000000    
   29.0000000       10.0000000       0.00000000       0.00000000    
   0.00000000       15.0000000       0.00000000       0.00000000    
   1.00000000       15.0000000       0.00000000       0.00000000    
   2.00000000       15.0000000       9.83600039E-03   3.46070006E-02
   3.00000000       15.0000000       4.16840017E-02   9.33139995E-02
   4.00000000       15.0000000       5.83555698E-02   8.77349973E-02
   5.00000000       15.0000000       8.23058560E-02  0.141023993    
   6.00000000       15.0000000      0.100205578      0.178578004    
   7.00000000       15.0000000      0.114551716      0.208922997    
   8.00000000       15.0000000      0.128626853      0.232789993    
   9.00000000       15.0000000      0.128224999      0.232223004    
   10.0000000       15.0000000      0.113271572      0.206376001    
   11.0000000       15.0000000       8.95657092E-02  0.170874998    
   12.0000000       15.0000000       6.53799996E-02  0.109904997    
   13.0000000       15.0000000       4.56057116E-02   7.93320015E-02
   14.0000000       15.0000000       2.69774292E-02   4.38669994E-02
   15.0000000       15.0000000       1.08290007E-02   2.81080008E-02
   16.0000000       15.0000000       3.89657146E-03   2.06320006E-02
   17.0000000       15.0000000       5.55999984E-04   3.89200007E-03
   18.0000000       15.0000000       0.00000000       0.00000000    
   19.0000000       15.0000000       0.00000000       0.00000000    
   20.0000000       15.0000000       0.00000000       0.00000000    
   21.0000000       15.0000000       0.00000000       0.00000000    
   22.0000000       15.0000000       0.00000000       0.00000000    
   23.0000000       15.0000000       0.00000000       0.00000000    
   24.0000000       15.0000000       0.00000000       0.00000000    
   25.0000000       15.0000000       0.00000000       0.00000000    
   26.0000000       15.0000000       0.00000000       0.00000000    
   27.0000000       15.0000000       0.00000000       0.00000000    
   28.0000000       15.0000000       0.00000000       0.00000000    
   29.0000000       15.0000000       0.00000000       0.00000000    
   0.00000000       20.0000000       0.00000000       0.00000000    
   1.00000000       20.0000000       0.00000000       0.00000000    
   2.00000000       20.0000000       0.00000000       0.00000000    
   3.00000000       20.0000000       0.00000000       0.00000000    
   4.00000000       20.0000000       2.11532842E-02   4.07590009E-02
   5.00000000       20.0000000       5.51901422E-02   8.13990012E-02
   6.00000000       20.0000000       7.21315742E-02  0.119140998    
   7.00000000       20.0000000      0.101107575      0.158022001    
   8.00000000       20.0000000      0.125204578      0.195419997    
   9.00000000       20.0000000      0.122440577      0.208178997    
   10.0000000       20.0000000      0.116199292      0.201046005    
   11.0000000       20.0000000      0.105123438      0.186118007    
   12.0000000       20.0000000       8.47544223E-02  0.135628000    
   13.0000000       20.0000000       7.10995719E-02  0.115259998    
   14.0000000       20.0000000       5.77264316E-02   8.83399993E-02
   15.0000000       20.0000000       4.32714261E-02   5.89050017E-02
   16.0000000       20.0000000       1.85015704E-02   3.41029987E-02
   17.0000000       20.0000000       5.36871422E-03   2.99529992E-02
   18.0000000       20.0000000       3.88142857E-04   2.71699997E-03
   19.0000000       20.0000000       0.00000000       0.00000000    
   20.0000000       20.0000000       0.00000000       0.00000000    
   21.0000000       20.0000000       0.00000000       0.00000000    
   22.0000000       20.0000000       0.00000000       0.00000000    
   23.0000000       20.0000000       0.00000000       0.00000000    
   24.0000000       20.0000000       0.00000000       0.00000000    
   25.0000000       20.0000000       0.00000000       0.00000000    
   26.0000000       20.0000000       0.00000000       0.00000000    
   27.0000000       20.0000000       0.00000000       0.00000000    
   28.0000000       20.0000000       0.00000000       0.00000000    
   29.0000000       20.0000000       0.00000000       0.00000000    
   0.00000000       25.0000000       0.00000000       0.00000000    
   1.00000000       25.0000000       0.00000000       0.00000000    
   2.00000000       25.0000000       0.00000000       0.00000000    
   3.00000000       25.0000000       0.00000000       0.00000000    
   4.00000000       25.0000000       0.00000000       0.00000000    
   5.00000000       25.0000000       3.84928542E-03   7.67799979E-03
   6.00000000       25.0000000       3.35905738E-02   6.10519983E-02
   7.00000000       25.0000000       7.43689984E-02   9.35069993E-02
   8.00000000       25.0000000      0.106437288      0.138817996    
   9.00000000       25.0000000      0.107269712      0.167861000    
   10.0000000       25.0000000      0.112251423      0.181685999    
   11.0000000       25.0000000      0.108628862      0.182539999    
   12.0000000       25.0000000       9.59934220E-02  0.153286994    
   13.0000000       25.0000000       8.60589966E-02  0.139399007    
   14.0000000       25.0000000       7.28457123E-02  0.114419997    
   15.0000000       25.0000000       5.69504276E-02   8.83819982E-02
   16.0000000       25.0000000       4.13268581E-02   6.83109984E-02
   17.0000000       25.0000000       2.37678569E-02   3.43669988E-02
   18.0000000       25.0000000       9.69857071E-03   3.23700011E-02
   19.0000000       25.0000000       3.91214294E-03   2.69080009E-02
   20.0000000       25.0000000       0.00000000       0.00000000    
   21.0000000       25.0000000       0.00000000       0.00000000    
   22.0000000       25.0000000       0.00000000       0.00000000    
   23.0000000       25.0000000       0.00000000       0.00000000    
   24.0000000       25.0000000       0.00000000       0.00000000    
   25.0000000       25.0000000       0.00000000       0.00000000    
   26.0000000       25.0000000       0.00000000       0.00000000    
   27.0000000       25.0000000       0.00000000       0.00000000    
   28.0000000       25.0000000       0.00000000       0.00000000    
   29.0000000       25.0000000       0.00000000       0.00000000    
   0.00000000       30.0000000       0.00000000       0.00000000    
   1.00000000       30.0000000       0.00000000       0.00000000    
   2.00000000       30.0000000       0.00000000       0.00000000    
   3.00000000       30.0000000       0.00000000       0.00000000    
   4.00000000       30.0000000       0.00000000       0.00000000    
   5.00000000       30.0000000       0.00000000       0.00000000    
   6.00000000       30.0000000       0.00000000       0.00000000    
   7.00000000       30.0000000       1.98072847E-02   3.44370008E-02
   8.00000000       30.0000000       6.20817132E-02   9.10610035E-02
   9.00000000       30.0000000       7.86344334E-02  0.110531002    
   10.0000000       30.0000000       9.77659971E-02  0.149152994    
   11.0000000       30.0000000      0.102041289      0.167392001    
   12.0000000       30.0000000       9.67890024E-02  0.160760999    
   13.0000000       30.0000000       8.93952847E-02  0.151906997    
   14.0000000       30.0000000       7.61057138E-02  0.119195998    
   15.0000000       30.0000000       6.63147122E-02  0.111837000    
   16.0000000       30.0000000       5.69344275E-02   9.77320001E-02
   17.0000000       30.0000000       4.54902872E-02   8.59270021E-02
   18.0000000       30.0000000       3.50081399E-02   7.20570013E-02
   19.0000000       30.0000000       2.00628582E-02   2.91230008E-02
   20.0000000       30.0000000       1.41557143E-03   9.90900025E-03
   21.0000000       30.0000000       0.00000000       0.00000000    
   22.0000000       30.0000000       0.00000000       0.00000000    
   23.0000000       30.0000000       0.00000000       0.00000000    
   24.0000000       30.0000000       0.00000000       0.00000000    
   25.0000000       30.0000000       0.00000000       0.00000000    
   26.0000000       30.0000000       0.00000000       0.00000000    
   27.0000000       30.0000000       0.00000000       0.00000000    
   28.0000000       30.0000000       0.00000000       0.00000000    
   29.0000000       30.0000000       0.00000000       0.00000000    
   0.00000000       35.0000000       0.00000000       0.00000000    
   1.00000000       35.0000000       0.00000000       0.00000000    
   2.00000000       35.0000000       0.00000000       0.00000000    
   3.00000000       35.0000000       0.00000000       0.00000000    
   4.00000000       35.0000000       0.00000000       0.00000000    
   5.00000000       35.0000000       0.00000000       0.00000000    
   6.00000000       35.0000000       0.00000000       0.00000000    
   7.00000000       35.0000000       0.00000000       0.00000000    
   8.00000000       35.0000000       1.89802852E-02   4.70959991E-02
   9.00000000       35.0000000       4.50914241E-02   7.12959990E-02
   10.0000000       35.0000000       7.05955699E-02  0.107224002    
   11.0000000       35.0000000       8.01362842E-02  0.141874000    
   12.0000000       35.0000000       8.44394341E-02  0.150410995    
   13.0000000       35.0000000       8.54257196E-02  0.144980997    
   14.0000000       35.0000000       7.31344298E-02  0.120834000    
   15.0000000       35.0000000       6.83841482E-02  0.121215001    
   16.0000000       35.0000000       6.43119961E-02  0.111412004    
   17.0000000       35.0000000       5.97038530E-02  0.120489001    
   18.0000000       35.0000000       5.17868586E-02  0.112829998    
   19.0000000       35.0000000       4.30974290E-02   8.00229982E-02
   20.0000000       35.0000000       2.34067142E-02   5.25370017E-02
   21.0000000       35.0000000       6.96900021E-03   3.65310013E-02
   22.0000000       35.0000000       4.37714305E-04   3.06400005E-03
   23.0000000       35.0000000       0.00000000       0.00000000    
   24.0000000       35.0000000       0.00000000       0.00000000    
   25.0000000       35.0000000       0.00000000       0.00000000    
   26.0000000       35.0000000       0.00000000       0.00000000    
   27.0000000       35.0000000       0.00000000       0.00000000    
   28.0000000       35.0000000       0.00000000       0.00000000    
   29.0000000       35.0000000       0.00000000       0.00000000    
   0.00000000       40.0000000       0.00000000       0.00000000    
   1.00000000       40.0000000       0.00000000       0.00000000    
   2.00000000       40.0000000       0.00000000       0.00000000    
   3.00000000       40.0000000       0.00000000       0.00000000    
   4.00000000       40.0000000       0.00000000       0.00000000    
   5.00000000       40.0000000       0.00000000       0.00000000    
   6.00000000       40.0000000       0.00000000       0.00000000    
   7.00000000       40.0000000       0.00000000       0.00000000    
   8.00000000       40.0000000       0.00000000       0.00000000    
   9.00000000       40.0000000       4.22442844E-03   8.43599997E-03
   10.0000000       40.0000000       3.38404290E-02   6.49230033E-02
   11.0000000       40.0000000       5.17820008E-02   9.80969965E-02
   12.0000000       40.0000000       6.57455772E-02  0.118237004    
   13.0000000       40.0000000       7.09247142E-02  0.116959997    
   14.0000000       40.0000000       6.68357089E-02  0.107799001    
   15.0000000       40.0000000       6.42121360E-02  0.107037999    
   16.0000000       40.0000000       6.47452846E-02  0.108364001    
   17.0000000       40.0000000       6.20884299E-02  0.122341000    
   18.0000000       40.0000000       6.11490011E-02  0.123450004    
   19.0000000       40.0000000       6.64734319E-02  0.116230004    
   20.0000000       40.0000000       6.36974275E-02   8.61029997E-02
   21.0000000       40.0000000       4.08194289E-02   4.91690002E-02
   22.0000000       40.0000000       7.87057169E-03   2.24840008E-02
   23.0000000       40.0000000       9.42857150E-05   3.80000012E-04
   24.0000000       40.0000000       0.00000000       0.00000000    
   25.0000000       40.0000000       0.00000000       0.00000000    
   26.0000000       40.0000000       0.00000000       0.00000000    
   27.0000000       40.0000000       0.00000000       0.00000000    
   28.0000000       40.0000000       0.00000000       0.00000000    
   29.0000000       40.0000000       0.00000000       0.00000000    
   0.00000000       45.0000000       0.00000000       0.00000000    
   1.00000000       45.0000000       0.00000000       0.00000000    
   2.00000000       45.0000000       0.00000000       0.00000000    
   3.00000000       45.0000000       0.00000000       0.00000000    
   4.00000000       45.0000000       0.00000000       0.00000000    
   5.00000000       45.0000000       0.00000000       0.00000000    
   6.00000000       45.0000000       0.00000000       0.00000000    
   7.00000000       45.0000000       0.00000000       0.00000000    
   8.00000000       45.0000000       0.00000000       0.00000000    
   9.00000000       45.0000000       0.00000000       0.00000000    
   10.0000000       45.0000000       0.00000000       0.00000000    
   11.0000000       45.0000000       1.37998583E-02   2.40969993E-02
   12.0000000       45.0000000       3.80715728E-02   6.22900017E-02
   13.0000000       45.0000000       4.72988561E-02   7.78219998E-02
   14.0000000       45.0000000       5.41137122E-02   8.44779983E-02
   15.0000000       45.0000000       5.30422889E-02   7.68690035E-02
   16.0000000       45.0000000       5.67150041E-02   8.93720016E-02
   17.0000000       45.0000000       5.39105721E-02   9.59779993E-02
   18.0000000       45.0000000       5.92377111E-02  0.106104001    
   19.0000000       45.0000000       6.87122867E-02  0.121675998    
   20.0000000       45.0000000       6.51137158E-02  0.103913002    
   21.0000000       45.0000000       4.84425724E-02   6.17429987E-02
   22.0000000       45.0000000       4.59858552E-02   6.49460033E-02
   23.0000000       45.0000000       2.55355705E-02   3.65080014E-02
   24.0000000       45.0000000       9.76714306E-04   6.83700014E-03
   25.0000000       45.0000000       0.00000000       0.00000000    
   26.0000000       45.0000000       0.00000000       0.00000000    
   27.0000000       45.0000000       0.00000000       0.00000000    
   28.0000000       45.0000000       0.00000000       0.00000000    
   29.0000000       45.0000000       0.00000000       0.00000000    
   0.00000000       50.0000000       0.00000000       0.00000000    
   1.00000000       50.0000000       0.00000000       0.00000000    
   2.00000000       50.0000000       0.00000000       0.00000000    
   3.00000000       50.0000000       0.00000000       0.00000000    
   4.00000000       50.0000000       0.00000000       0.00000000    
   5.00000000       50.0000000       0.00000000       0.00000000    
   6.00000000       50.0000000       0.00000000       0.00000000    
   7.00000000       50.0000000       0.00000000       0.00000000    
   8.00000000       50.0000000       0.00000000       0.00000000    
   9.00000000       50.0000000       0.00000000       0.00000000    
   10.0000000       50.0000000       0.00000000       0.00000000    
   11.0000000       50.0000000       0.00000000       0.00000000    
   12.0000000       50.0000000       1.06314279E-03   1.74600002E-03
   13.0000000       50.0000000       2.47759987E-02   3.93389985E-02
   14.0000000       50.0000000       3.92382853E-02   5.25129996E-02
   15.0000000       50.0000000       3.47121432E-02   4.76320013E-02
   16.0000000       50.0000000       3.60011421E-02   5.03700003E-02
   17.0000000       50.0000000       3.38754281E-02   5.12190014E-02
   18.0000000       50.0000000       3.97057123E-02   6.03299998E-02
   19.0000000       50.0000000       4.81045730E-02   8.37460011E-02
   20.0000000       50.0000000       4.76255715E-02   7.85859972E-02
   21.0000000       50.0000000       4.15601432E-02   5.02149984E-02
   22.0000000       50.0000000       4.56108563E-02   6.40280023E-02
   23.0000000       50.0000000       2.87134293E-02   3.59579995E-02
   24.0000000       50.0000000       2.54828576E-02   5.48469983E-02
   25.0000000       50.0000000       1.16122868E-02   5.43950014E-02
   26.0000000       50.0000000       6.28428592E-04   4.39900020E-03
   27.0000000       50.0000000       0.00000000       0.00000000    
   28.0000000       50.0000000       0.00000000       0.00000000    
   29.0000000       50.0000000       0.00000000       0.00000000    
