 xloc, ave SR, max SR
  -50.0000000      0.352142841      0.385899991    
  -45.0000000      0.474285752      0.662199974    
  -40.0000000      0.443142861      0.781099975    
  -35.0000000      0.402100027      0.792900026    
  -30.0000000      0.437785715      0.803200006    
  -25.0000000      0.429800004      0.829900026    
  -20.0000000      0.386042863      0.830299973    
  -15.0000000      0.510314345      0.968500018    
  -10.0000000      0.699671447       1.30030000    
  -5.00000000      0.930342793       1.69280005    
   0.00000000       1.05694294       1.96290004    
   5.00000000       1.07532859       2.00550008    
   10.0000000      0.982414246       1.83140004    
   15.0000000      0.945128560       1.68599999    
   20.0000000      0.894514263       1.49590003    
   25.0000000      0.823599994       1.36829996    
   30.0000000      0.699800014       1.28690004    
   35.0000000      0.585228562       1.17799997    
   40.0000000      0.509742796       1.03289998    
   45.0000000      0.355928570      0.747900009    
   50.0000000      0.207842857      0.406500012    
