      xloc      yloc          depth         ave SR         max SR         #     start       end     max SR all
    -50.00    -20.00      23.767090       0.030859       0.030859        19      18.0      19.0       0.254626
    -50.00    -15.00      20.325319       0.035432       0.035432        19      18.0      19.0       0.254626
    -50.00    -10.00      16.883551       0.035036       0.035036        19      18.0      19.0       0.254626
    -50.00     -5.00      13.441770       0.028903       0.028903        19      18.0      19.0       0.254626
    -50.00      0.00      10.000000       0.037789       0.037789        19      18.0      19.0       0.254626
    -50.00      5.00       6.558230       0.048405       0.048405        19      18.0      19.0       0.254626
    -50.00     10.00       3.116450       0.056734       0.056734        19      18.0      19.0       0.254626
    -45.00    -20.00      23.767090       0.035402       0.035402        19      18.0      19.0       0.254626
    -45.00    -15.00      20.325319       0.053080       0.053080        19      18.0      19.0       0.254626
    -45.00    -10.00      16.883551       0.053236       0.053236        19      18.0      19.0       0.254626
    -45.00     -5.00      13.441770       0.047232       0.047232        19      18.0      19.0       0.254626
    -45.00      0.00      10.000000       0.059638       0.059638        19      18.0      19.0       0.254626
    -45.00      5.00       6.558230       0.076350       0.076350        19      18.0      19.0       0.254626
    -45.00     10.00       3.116450       0.089420       0.089420        19      18.0      19.0       0.254626
    -40.00    -20.00      23.767090       0.030617       0.030617        19      18.0      19.0       0.254626
    -40.00    -15.00      20.325319       0.048191       0.048191        19      18.0      19.0       0.254626
    -40.00    -10.00      16.883551       0.046904       0.046904        19      18.0      19.0       0.254626
    -40.00     -5.00      13.441770       0.046444       0.046444        19      18.0      19.0       0.254626
    -40.00      0.00      10.000000       0.060621       0.060621        19      18.0      19.0       0.254626
    -40.00      5.00       6.558230       0.077344       0.077344        19      18.0      19.0       0.254626
    -40.00     10.00       3.116450       0.092370       0.092370        19      18.0      19.0       0.254626
    -35.00    -20.00      23.767090       0.025764       0.025764        19      18.0      19.0       0.254626
    -35.00    -15.00      20.325319       0.030605       0.030605        19      18.0      19.0       0.254626
    -35.00    -10.00      16.883551       0.026015       0.026015        19      18.0      19.0       0.254626
    -35.00     -5.00      13.441770       0.035348       0.035348        19      18.0      19.0       0.254626
    -35.00      0.00      10.000000       0.048001       0.048001        19      18.0      19.0       0.254626
    -35.00      5.00       6.558230       0.056981       0.056981        19      18.0      19.0       0.254626
    -35.00     10.00       3.116450       0.070259       0.070259        19      18.0      19.0       0.254626
    -30.00    -20.00      23.767090       0.023042       0.023042        19      18.0      19.0       0.254626
    -30.00    -15.00      20.325319       0.018281       0.018281        19      18.0      19.0       0.254626
    -30.00    -10.00      16.883551       0.008969       0.008969        19      18.0      19.0       0.254626
    -30.00     -5.00      13.441770       0.020425       0.020425        19      18.0      19.0       0.254626
    -30.00      0.00      10.000000       0.029534       0.029534        19      18.0      19.0       0.254626
    -30.00      5.00       6.558230       0.024057       0.024057        19      18.0      19.0       0.254626
    -30.00     10.00       3.116450       0.033185       0.033185        19      18.0      19.0       0.254626
    -25.00    -20.00      23.767090       0.021520       0.021520        19      18.0      19.0       0.254626
    -25.00    -15.00      20.325319       0.019736       0.019736        19      18.0      19.0       0.254626
    -25.00    -10.00      16.883551       0.001650       0.001650        19      18.0      19.0       0.254626
    -25.00     -5.00      13.441770       0.001489       0.001489        19      18.0      19.0       0.254626
    -25.00      0.00      10.000000       0.001087       0.001087        19      18.0      19.0       0.254626
    -25.00      5.00       6.558230       0.001780       0.001780        19      18.0      19.0       0.254626
    -25.00     10.00       3.116450       0.002777       0.002777        19      18.0      19.0       0.254626
    -20.00    -20.00      23.767090       0.000666       0.000666        19      18.0      19.0       0.254626
    -20.00    -15.00      20.325319       0.000000       0.000000        19      18.0      19.0       0.254626
    -20.00    -10.00      16.883551       0.000000       0.000000        19      18.0      19.0       0.254626
    -20.00     -5.00      13.441770       0.000000       0.000000        19      18.0      19.0       0.254626
    -20.00      0.00      10.000000       0.000000       0.000000        19      18.0      19.0       0.254626
    -20.00      5.00       6.558230       0.000000       0.000000        19      18.0      19.0       0.254626
    -20.00     10.00       3.116450       0.000000       0.000000        19      18.0      19.0       0.254626
    -15.00    -20.00      23.767090       0.000000       0.000000        19      18.0      19.0       0.254626
    -15.00    -15.00      20.325319       0.000000       0.000000        19      18.0      19.0       0.254626
    -15.00    -10.00      16.883551       0.000000       0.000000        19      18.0      19.0       0.254626
    -15.00     -5.00      13.441770       0.000000       0.000000        19      18.0      19.0       0.254626
    -15.00      0.00      10.000000       0.000000       0.000000        19      18.0      19.0       0.254626
    -15.00      5.00       6.558230       0.000000       0.000000        19      18.0      19.0       0.254626
    -15.00     10.00       3.116450       0.000000       0.000000        19      18.0      19.0       0.254626
    -10.00    -20.00      23.767090       0.000000       0.000000        19      18.0      19.0       0.254626
    -10.00    -15.00      20.325319       0.000000       0.000000        19      18.0      19.0       0.254626
    -10.00    -10.00      16.883551       0.000000       0.000000        19      18.0      19.0       0.254626
    -10.00     -5.00      13.441770       0.000000       0.000000        19      18.0      19.0       0.254626
    -10.00      0.00      10.000000       0.000000       0.000000        19      18.0      19.0       0.254626
    -10.00      5.00       6.558230       0.000000       0.000000        19      18.0      19.0       0.254626
    -10.00     10.00       3.116450       0.000000       0.000000        19      18.0      19.0       0.254626
     -5.00    -20.00      23.767090       0.000000       0.000000        19      18.0      19.0       0.254626
     -5.00    -15.00      20.325319       0.000000       0.000000        19      18.0      19.0       0.254626
     -5.00    -10.00      16.883551       0.000000       0.000000        19      18.0      19.0       0.254626
     -5.00     -5.00      13.441770       0.000000       0.000000        19      18.0      19.0       0.254626
     -5.00      0.00      10.000000       0.000000       0.000000        19      18.0      19.0       0.254626
     -5.00      5.00       6.558230       0.000000       0.000000        19      18.0      19.0       0.254626
     -5.00     10.00       3.116450       0.000000       0.000000        19      18.0      19.0       0.254626
      0.00    -20.00      23.767090       0.000000       0.000000        19      18.0      19.0       0.254626
      0.00    -15.00      20.325319       0.000000       0.000000        19      18.0      19.0       0.254626
      0.00    -10.00      16.883551       0.000000       0.000000        19      18.0      19.0       0.254626
      0.00     -5.00      13.441770       0.000000       0.000000        19      18.0      19.0       0.254626
      0.00      0.00      10.000000       0.000000       0.000000        19      18.0      19.0       0.254626
      0.00      5.00       6.558230       0.000000       0.000000        19      18.0      19.0       0.254626
      0.00     10.00       3.116450       0.000000       0.000000        19      18.0      19.0       0.254626
      5.00    -20.00      23.767090       0.000000       0.000000        19      18.0      19.0       0.254626
      5.00    -15.00      20.325319       0.000000       0.000000        19      18.0      19.0       0.254626
      5.00    -10.00      16.883551       0.000000       0.000000        19      18.0      19.0       0.254626
      5.00     -5.00      13.441770       0.000000       0.000000        19      18.0      19.0       0.254626
      5.00      0.00      10.000000       0.000000       0.000000        19      18.0      19.0       0.254626
      5.00      5.00       6.558230       0.000000       0.000000        19      18.0      19.0       0.254626
      5.00     10.00       3.116450       0.000000       0.000000        19      18.0      19.0       0.254626
     10.00    -20.00      23.767090       0.000000       0.000000        19      18.0      19.0       0.254626
     10.00    -15.00      20.325319       0.000000       0.000000        19      18.0      19.0       0.254626
     10.00    -10.00      16.883551       0.000000       0.000000        19      18.0      19.0       0.254626
     10.00     -5.00      13.441770       0.000000       0.000000        19      18.0      19.0       0.254626
     10.00      0.00      10.000000       0.000000       0.000000        19      18.0      19.0       0.254626
     10.00      5.00       6.558230       0.000000       0.000000        19      18.0      19.0       0.254626
     10.00     10.00       3.116450       0.000000       0.000000        19      18.0      19.0       0.254626
     15.00    -20.00      23.767090       0.000000       0.000000        19      18.0      19.0       0.254626
     15.00    -15.00      20.325319       0.000000       0.000000        19      18.0      19.0       0.254626
     15.00    -10.00      16.883551       0.000000       0.000000        19      18.0      19.0       0.254626
     15.00     -5.00      13.441770       0.000000       0.000000        19      18.0      19.0       0.254626
     15.00      0.00      10.000000       0.000000       0.000000        19      18.0      19.0       0.254626
     15.00      5.00       6.558230       0.000000       0.000000        19      18.0      19.0       0.254626
     15.00     10.00       3.116450       0.000000       0.000000        19      18.0      19.0       0.254626
     20.00    -20.00      23.767090       0.002717       0.002717        19      18.0      19.0       0.254626
     20.00    -15.00      20.325319       0.000000       0.000000        19      18.0      19.0       0.254626
     20.00    -10.00      16.883551       0.000000       0.000000        19      18.0      19.0       0.254626
     20.00     -5.00      13.441770       0.000000       0.000000        19      18.0      19.0       0.254626
     20.00      0.00      10.000000       0.000000       0.000000        19      18.0      19.0       0.254626
     20.00      5.00       6.558230       0.000000       0.000000        19      18.0      19.0       0.254626
     20.00     10.00       3.116450       0.000000       0.000000        19      18.0      19.0       0.254626
     25.00    -20.00      23.767090       0.032370       0.032370        19      18.0      19.0       0.254626
     25.00    -15.00      20.325319       0.025080       0.025080        19      18.0      19.0       0.254626
     25.00    -10.00      16.883551       0.001472       0.001472        19      18.0      19.0       0.254626
     25.00     -5.00      13.441770       0.002256       0.002256        19      18.0      19.0       0.254626
     25.00      0.00      10.000000       0.002096       0.002096        19      18.0      19.0       0.254626
     25.00      5.00       6.558230       0.002662       0.002662        19      18.0      19.0       0.254626
     25.00     10.00       3.116450       0.001954       0.001954        19      18.0      19.0       0.254626
     30.00    -20.00      23.767090       0.023991       0.023991        19      18.0      19.0       0.254626
     30.00    -15.00      20.325319       0.016005       0.016005        19      18.0      19.0       0.254626
     30.00    -10.00      16.883551       0.019674       0.019674        19      18.0      19.0       0.254626
     30.00     -5.00      13.441770       0.021368       0.021368        19      18.0      19.0       0.254626
     30.00      0.00      10.000000       0.048945       0.048945        19      18.0      19.0       0.254626
     30.00      5.00       6.558230       0.043017       0.043017        19      18.0      19.0       0.254626
     30.00     10.00       3.116450       0.072057       0.072057        19      18.0      19.0       0.254626
     35.00    -20.00      23.767090       0.013377       0.013377        19      18.0      19.0       0.254626
     35.00    -15.00      20.325319       0.019856       0.019856        19      18.0      19.0       0.254626
     35.00    -10.00      16.883551       0.028958       0.028958        19      18.0      19.0       0.254626
     35.00     -5.00      13.441770       0.040053       0.040053        19      18.0      19.0       0.254626
     35.00      0.00      10.000000       0.068364       0.068364        19      18.0      19.0       0.254626
     35.00      5.00       6.558230       0.079070       0.079070        19      18.0      19.0       0.254626
     35.00     10.00       3.116450       0.112830       0.112830        19      18.0      19.0       0.254626
     40.00    -20.00      23.767090       0.011570       0.011570        19      18.0      19.0       0.254626
     40.00    -15.00      20.325319       0.028215       0.028215        19      18.0      19.0       0.254626
     40.00    -10.00      16.883551       0.036012       0.036012        19      18.0      19.0       0.254626
     40.00     -5.00      13.441770       0.054786       0.054786        19      18.0      19.0       0.254626
     40.00      0.00      10.000000       0.080996       0.080996        19      18.0      19.0       0.254626
     40.00      5.00       6.558230       0.093014       0.093014        19      18.0      19.0       0.254626
     40.00     10.00       3.116450       0.123450       0.123450        19      18.0      19.0       0.254626
     45.00    -20.00      23.767090       0.021428       0.021428        19      18.0      19.0       0.254626
     45.00    -15.00      20.325319       0.039504       0.039504        19      18.0      19.0       0.254626
     45.00    -10.00      16.883551       0.034955       0.034955        19      18.0      19.0       0.254626
     45.00     -5.00      13.441770       0.055498       0.055498        19      18.0      19.0       0.254626
     45.00      0.00      10.000000       0.077455       0.077455        19      18.0      19.0       0.254626
     45.00      5.00       6.558230       0.079720       0.079720        19      18.0      19.0       0.254626
     45.00     10.00       3.116450       0.106104       0.106104        19      18.0      19.0       0.254626
     50.00    -20.00      23.767090       0.024531       0.024531        19      18.0      19.0       0.254626
     50.00    -15.00      20.325319       0.036233       0.036233        19      18.0      19.0       0.254626
     50.00    -10.00      16.883551       0.021211       0.021211        19      18.0      19.0       0.254626
     50.00     -5.00      13.441770       0.040750       0.040750        19      18.0      19.0       0.254626
     50.00      0.00      10.000000       0.051883       0.051883        19      18.0      19.0       0.254626
     50.00      5.00       6.558230       0.043002       0.043002        19      18.0      19.0       0.254626
     50.00     10.00       3.116450       0.060330       0.060330        19      18.0      19.0       0.254626
