      xloc      yloc          depth         ave SR         max SR         #     start       end     max SR all       strike 1       strike 2          dip 1          dip 2         rake 1         rake 2
    -50.00    -20.00      23.767090       0.000000       0.000000        13      12.0      13.0       0.254626     180.000000     360.000000      45.000000      45.000000      90.000000      90.000000
    -50.00    -15.00      20.325319       0.001132       0.001132        13      12.0      13.0       0.254626     314.850006      55.160000      60.049999      72.750000     -20.010000    -148.490005
    -50.00    -10.00      16.883551       0.000898       0.000898        13      12.0      13.0       0.254626     218.470001     318.529999       6.490000      88.860001     169.869995      83.610001
    -50.00     -5.00      13.441770       0.001741       0.001741        13      12.0      13.0       0.254626      -2.910000     212.039993      80.150002      11.960000      83.180000     124.360001
    -50.00      0.00      10.000000       0.001471       0.001471        13      12.0      13.0       0.254626     169.610001     312.750000      82.209999       9.700000     -84.199997    -126.459999
    -50.00      5.00       6.558230       0.001236       0.001236        13      12.0      13.0       0.254626     144.839996     271.859985      57.250000      46.889999     -54.349998    -132.179993
    -50.00     10.00       3.116450       0.000848       0.000848        13      12.0      13.0       0.254626     185.929993     356.970001      75.889999      14.280000     -87.800003     -98.690002
    -45.00    -20.00      23.767090       0.036419       0.036419        13      12.0      13.0       0.254626     159.229996     286.320007      13.230000      81.930000     142.169998      79.480003
    -45.00    -15.00      20.325319       0.042933       0.042933        13      12.0      13.0       0.254626     159.250000     284.019989      12.530000      82.779999     144.580002      79.739998
    -45.00    -10.00      16.883551       0.008804       0.008804        13      12.0      13.0       0.254626     351.899994     240.559998      84.889999      13.800000    -102.839996     -21.910000
    -45.00     -5.00      13.441770       0.010354       0.010354        13      12.0      13.0       0.254626      81.379997     265.869995      68.160004      21.900000     -91.669998     -85.830002
    -45.00      0.00      10.000000       0.024778       0.024778        13      12.0      13.0       0.254626     103.959999     238.369995      75.269997      20.590000     -75.449997    -133.690002
    -45.00      5.00       6.558230       0.018750       0.018750        13      12.0      13.0       0.254626     108.379997     289.989990      66.940002      23.059999     -90.629997     -88.519997
    -45.00     10.00       3.116450       0.028246       0.028246        13      12.0      13.0       0.254626     122.370003     266.929993      60.169998      35.139999     -70.510002    -120.199997
    -40.00    -20.00      23.767090       0.051279       0.051279        13      12.0      13.0       0.254626     106.639999     290.850006      56.380001      33.689999      87.660004      93.510002
    -40.00    -15.00      20.325319       0.035341       0.035341        13      12.0      13.0       0.254626     115.669998     302.390015      39.820000      50.380001      84.830002      94.300003
    -40.00    -10.00      16.883551       0.010727       0.010727        13      12.0      13.0       0.254626     115.449997     356.459991      57.139999      53.130001      45.590000     137.289993
    -40.00     -5.00      13.441770       0.026175       0.026175        13      12.0      13.0       0.254626     108.970001     227.830002      66.220001      42.389999     -53.810001    -143.270004
    -40.00      0.00      10.000000       0.040967       0.040967        13      12.0      13.0       0.254626     110.540001     238.899994      69.870003      30.559999     -66.500000    -137.410004
    -40.00      5.00       6.558230       0.045932       0.045932        13      12.0      13.0       0.254626     106.559998     244.869995      65.419998      31.490000     -69.680000    -127.209999
    -40.00     10.00       3.116450       0.061124       0.061124        13      12.0      13.0       0.254626     107.459999     241.960007      61.939999      37.259998     -64.419998    -129.000000
    -35.00    -20.00      23.767090       0.067599       0.067599        13      12.0      13.0       0.254626     117.370003     277.820007      58.209999      33.330002     100.599998      73.470001
    -35.00    -15.00      20.325319       0.053639       0.053639        13      12.0      13.0       0.254626     110.629997     297.390015      53.340000      36.849998      85.949997      95.410004
    -35.00    -10.00      16.883551       0.020979       0.020979        13      12.0      13.0       0.254626     138.990005     317.850006      45.520000      44.480000      90.800003      89.190002
    -35.00     -5.00      13.441770       0.032659       0.032659        13      12.0      13.0       0.254626     105.620003     221.949997      60.439999      51.980000     -45.080002    -141.229996
    -35.00      0.00      10.000000       0.055954       0.055954        13      12.0      13.0       0.254626     104.610001     233.690002      63.730000      38.060001     -61.410000    -134.110001
    -35.00      5.00       6.558230       0.076576       0.076576        13      12.0      13.0       0.254626     103.160004     237.110001      61.650002      37.869999     -63.770000    -129.309998
    -35.00     10.00       3.116450       0.087558       0.087558        13      12.0      13.0       0.254626     100.400002     234.789993      59.410000      40.200001     -62.529999    -127.959999
    -30.00    -20.00      23.767090       0.067851       0.067851        13      12.0      13.0       0.254626     111.809998     279.589996      55.990002      34.619999      96.910004      79.889999
    -30.00    -15.00      20.325319       0.063992       0.063992        13      12.0      13.0       0.254626     105.269997     289.519989      53.160000      36.910000      87.449997      93.400002
    -30.00    -10.00      16.883551       0.022598       0.022598        13      12.0      13.0       0.254626     122.099998     321.760010      41.830002      49.880001      75.099998     102.959999
    -30.00     -5.00      13.441770       0.031560       0.031560        13      12.0      13.0       0.254626     100.470001     220.750000      56.160000      53.049999     -46.360001    -135.830002
    -30.00      0.00      10.000000       0.060043       0.060043        13      12.0      13.0       0.254626      98.470001     229.210007      59.349998      42.240002     -59.380001    -130.679993
    -30.00      5.00       6.558230       0.085693       0.085693        13      12.0      13.0       0.254626     100.220001     232.059998      58.790001      42.240002     -59.950001    -129.580002
    -30.00     10.00       3.116450       0.098675       0.098675        13      12.0      13.0       0.254626      96.870003     233.119995      57.560001      41.349998     -62.810001    -125.709999
    -25.00    -20.00      23.767090       0.051504       0.051504        13      12.0      13.0       0.254626     100.239998     294.709991      51.669998      39.230000      80.910004     101.309998
    -25.00    -15.00      20.325319       0.059374       0.059374        13      12.0      13.0       0.254626      99.989998     290.410004      49.709999      40.759998      83.220001      97.930000
    -25.00    -10.00      16.883551       0.022947       0.022947        13      12.0      13.0       0.254626     102.709999     323.290009      45.650002      52.160000      59.090000     117.720001
    -25.00     -5.00      13.441770       0.028340       0.028340        13      12.0      13.0       0.254626      94.830002     216.789993      50.869999      56.950001     -44.669998    -131.160004
    -25.00      0.00      10.000000       0.056744       0.056744        13      12.0      13.0       0.254626      95.449997     225.130005      56.619999      45.900002     -56.450001    -129.990005
    -25.00      5.00       6.558230       0.083665       0.083665        13      12.0      13.0       0.254626      98.800003     229.740005      57.639999      44.040001     -58.320000    -129.649994
    -25.00     10.00       3.116450       0.097207       0.097207        13      12.0      13.0       0.254626      95.629997     232.220001      56.950001      41.840000     -62.720001    -125.169998
    -20.00    -20.00      23.767090       0.041835       0.041835        13      12.0      13.0       0.254626      94.980003     299.980011      49.599998      43.200001      73.180000     108.779999
    -20.00    -15.00      20.325319       0.047157       0.047157        13      12.0      13.0       0.254626      94.040001     293.829987      46.400002      45.349998      76.070000     104.190002
    -20.00    -10.00      16.883551       0.022828       0.022828        13      12.0      13.0       0.254626      84.209999     324.049988      53.320000      56.009998      44.200001     133.899994
    -20.00     -5.00      13.441770       0.027464       0.027464        13      12.0      13.0       0.254626      90.889999     216.809998      53.189999      51.900002     -50.410000    -130.419998
    -20.00      0.00      10.000000       0.056988       0.056988        13      12.0      13.0       0.254626      97.820000     226.300003      56.709999      46.540001     -55.380001    -130.869995
    -20.00      5.00       6.558230       0.075733       0.075733        13      12.0      13.0       0.254626     100.879997     231.460007      57.910000      43.939999     -58.200001    -130.050003
    -20.00     10.00       3.116450       0.085175       0.085175        13      12.0      13.0       0.254626      97.570000     233.399994      57.980000      41.080002     -62.750000    -126.209999
    -15.00    -20.00      23.767090       0.036134       0.036134        13      12.0      13.0       0.254626      82.830002     309.700012      56.369999      44.209999      59.419998     127.419998
    -15.00    -15.00      20.325319       0.037799       0.037799        13      12.0      13.0       0.254626      73.110001     306.920013      53.639999      51.270000      50.980000     130.539993
    -15.00    -10.00      16.883551       0.023146       0.023146        13      12.0      13.0       0.254626      60.599998     309.059998      68.089996      47.610001      46.610001     149.660004
    -15.00     -5.00      13.441770       0.022829       0.022829        13      12.0      13.0       0.254626      80.300003     201.639999      38.470001      67.550003     -37.869999    -122.089996
    -15.00      0.00      10.000000       0.046562       0.046562        13      12.0      13.0       0.254626     103.739998     231.679993      58.299999      45.130001     -56.009998    -132.149994
    -15.00      5.00       6.558230       0.053865       0.053865        13      12.0      13.0       0.254626     109.989998     245.149994      63.560001      35.040001     -66.120003    -129.160004
    -15.00     10.00       3.116450       0.067329       0.067329        13      12.0      13.0       0.254626     108.570000     247.279999      63.990002      33.000000     -68.940002    -126.370003
    -10.00    -20.00      23.767090       0.026779       0.026779        13      12.0      13.0       0.254626      76.849998     312.089996      63.950001      40.610001      57.669998     137.559998
    -10.00    -15.00      20.325319       0.029532       0.029532        13      12.0      13.0       0.254626      60.200001     306.589996      66.150002      47.820000      47.240002     146.940002
    -10.00    -10.00      16.883551       0.021522       0.021522        13      12.0      13.0       0.254626     292.640015      27.270000      29.110001      87.430000     174.699997      60.990002
    -10.00     -5.00      13.441770       0.017886       0.017886        13      12.0      13.0       0.254626      82.820000     202.570007      26.840000      75.910004     -32.650002    -113.070000
    -10.00      0.00      10.000000       0.036464       0.036464        13      12.0      13.0       0.254626     111.139999     248.619995      55.939999      42.520000     -62.820000    -124.050003
    -10.00      5.00       6.558230       0.035323       0.035323        13      12.0      13.0       0.254626     125.059998     314.559998      69.779999      20.480000     -93.309998     -81.089996
    -10.00     10.00       3.116450       0.060683       0.060683        13      12.0      13.0       0.254626     131.449997     301.450012      71.349998      18.920000     -86.769997     -99.470001
     -5.00    -20.00      23.767090       0.021779       0.021779        13      12.0      13.0       0.254626      68.300003     309.470001      72.440002      33.270000      61.270000     146.639999
     -5.00    -15.00      20.325319       0.028521       0.028521        13      12.0      13.0       0.254626     303.359985      42.070000      36.139999      83.690002     169.259995      54.340000
     -5.00    -10.00      16.883551       0.035901       0.035901        13      12.0      13.0       0.254626     292.920013     201.080002      33.150002      88.800003    -177.809998     -56.869999
     -5.00     -5.00      13.441770       0.013887       0.013887        13      12.0      13.0       0.254626     183.750000     287.410004      88.639999       5.730000     -84.440002    -166.270004
     -5.00      0.00      10.000000       0.017898       0.017898        13      12.0      13.0       0.254626     160.729996     276.489990      77.209999      27.580000     -65.360001    -151.440002
     -5.00      5.00       6.558230       0.026221       0.026221        13      12.0      13.0       0.254626     134.970001     359.510010      82.129997      10.970000     -97.669998     -45.980000
     -5.00     10.00       3.116450       0.069220       0.069220        13      12.0      13.0       0.254626     135.369995     302.420013      75.680000      14.680000     -86.739998    -102.540001
      0.00    -20.00      23.767090       0.010817       0.010817        13      12.0      13.0       0.254626     314.690002     222.949997      48.060001      88.059998    -177.389999     -41.959999
      0.00    -15.00      20.325319       0.024591       0.024591        13      12.0      13.0       0.254626     301.750000     207.050003      27.760000      87.529999    -174.690002     -62.340000
      0.00    -10.00      16.883551       0.034261       0.034261        13      12.0      13.0       0.254626     167.809998     308.850006      79.500000      13.410000     -81.610001    -128.190002
      0.00     -5.00      13.441770       0.013600       0.013600        13      12.0      13.0       0.254626     175.130005     316.750000      84.510002       6.990000     -85.660004    -128.169998
      0.00      0.00      10.000000       0.013828       0.013828        13      12.0      13.0       0.254626     145.440002     273.910004      58.720001      44.320000     -56.840000    -132.000000
      0.00      5.00       6.558230       0.030955       0.030955        13      12.0      13.0       0.254626     131.710007      13.070000      83.610001      13.140000    -101.510002     -29.290001
      0.00     10.00       3.116450       0.077070       0.077070        13      12.0      13.0       0.254626     136.289993     308.119995      73.650002      16.510000     -87.690002     -97.830002
      5.00    -20.00      23.767090       0.008471       0.008471        13      12.0      13.0       0.254626     129.830002      26.020000      66.349998      61.419998    -148.509995     -27.190001
      5.00    -15.00      20.325319       0.020517       0.020517        13      12.0      13.0       0.254626     168.470001     325.089996      78.769997      12.200000     -85.190002    -112.910004
      5.00    -10.00      16.883551       0.045200       0.045200        13      12.0      13.0       0.254626     142.770004     332.600006      84.180000       5.910000     -91.010002     -80.220001
      5.00     -5.00      13.441770       0.008300       0.008300        13      12.0      13.0       0.254626     139.779999     270.529999      71.000000      27.809999     -69.300003    -135.750000
      5.00      0.00      10.000000       0.013210       0.013210        13      12.0      13.0       0.254626     104.410004     294.600006      46.150002      44.299999     -97.089996     -82.669998
      5.00      5.00       6.558230       0.030100       0.030100        13      12.0      13.0       0.254626     129.509995     329.040009      79.790001      10.820000     -93.599998     -70.790001
      5.00     10.00       3.116450       0.076661       0.076661        13      12.0      13.0       0.254626     130.729996     302.130005      71.059998      19.139999     -87.190002     -98.129997
     10.00    -20.00      23.767090       0.018897       0.018897        13      12.0      13.0       0.254626      69.930000     283.600006      75.300003      17.490000     -99.589996     -57.580002
     10.00    -15.00      20.325319       0.029328       0.029328        13      12.0      13.0       0.254626     120.300003     269.410004      67.830002      25.400000     -77.279999    -118.379997
     10.00    -10.00      16.883551       0.049842       0.049842        13      12.0      13.0       0.254626     134.600006     287.700012      83.660004       7.110000     -86.790001    -116.720001
     10.00     -5.00      13.441770       0.050413       0.050413        13      12.0      13.0       0.254626      16.129999     132.360001       4.510000      88.000000     -26.299999     -94.040001
     10.00      0.00      10.000000       0.021792       0.021792        13      12.0      13.0       0.254626     140.619995     303.980011      73.940002      16.730000     -85.269997    -105.980003
     10.00      5.00       6.558230       0.058964       0.058964        13      12.0      13.0       0.254626     120.320000     256.880005      73.610001      22.049999     -75.040001    -131.270004
     10.00     10.00       3.116450       0.087367       0.087367        13      12.0      13.0       0.254626     117.629997     267.299988      69.120003      23.850000     -78.220001    -118.139999
     15.00    -20.00      23.767090       0.023287       0.023287        13      12.0      13.0       0.254626      68.669998     294.760010      71.190002      26.160000    -108.519997     -47.000000
     15.00    -15.00      20.325319       0.041080       0.041080        13      12.0      13.0       0.254626      95.360001     275.109985      65.519997      24.480000     -89.900002     -90.230003
     15.00    -10.00      16.883551       0.059078       0.059078        13      12.0      13.0       0.254626     117.279999     247.729996      78.860001      16.889999     -77.230003    -138.300003
     15.00     -5.00      13.441770       0.070285       0.070285        13      12.0      13.0       0.254626     118.360001     258.440002      80.300003      12.570000     -81.970001    -129.229996
     15.00      0.00      10.000000       0.065447       0.065447        13      12.0      13.0       0.254626     116.230003     262.779999      72.239998      21.000000     -78.610001    -121.669998
     15.00      5.00       6.558230       0.088578       0.088578        13      12.0      13.0       0.254626     111.809998     251.270004      69.269997      26.480000     -73.160004    -127.430000
     15.00     10.00       3.116450       0.109905       0.109905        13      12.0      13.0       0.254626     108.820000     256.809998      66.610001      27.020000     -76.059998    -119.110001
     20.00    -20.00      23.767090       0.026242       0.026242        13      12.0      13.0       0.254626      76.800003     295.640015      66.559998      29.100000    -107.760002     -54.869999
     20.00    -15.00      20.325319       0.052070       0.052070        13      12.0      13.0       0.254626      82.199997     293.670013      68.970001      24.260000    -102.379997     -60.840000
     20.00    -10.00      16.883551       0.071110       0.071110        13      12.0      13.0       0.254626     105.669998     253.490005      74.309998      18.360001     -80.339996    -120.839996
     20.00     -5.00      13.441770       0.086830       0.086830        13      12.0      13.0       0.254626     109.570000     253.259995      74.089996      19.480000     -78.610001    -124.720001
     20.00      0.00      10.000000       0.104358       0.104358        13      12.0      13.0       0.254626     107.570000     254.289993      69.150002      24.490000     -76.849998    -120.849998
     20.00      5.00       6.558230       0.117043       0.117043        13      12.0      13.0       0.254626     105.690002     249.699997      67.120003      27.540001     -74.239998    -122.769997
     20.00     10.00       3.116450       0.135628       0.135628        13      12.0      13.0       0.254626     104.040001     253.460007      65.440002      27.959999     -76.199997    -117.559998
     25.00    -20.00      23.767090       0.028176       0.028176        13      12.0      13.0       0.254626      81.709999     294.890015      62.200001      32.209999    -106.959999     -61.049999
     25.00    -15.00      20.325319       0.049264       0.049264        13      12.0      13.0       0.254626      83.180000     302.179993      69.739998      25.400000    -105.660004     -53.810001
     25.00    -10.00      16.883551       0.073805       0.073805        13      12.0      13.0       0.254626      97.139999     273.339996      73.760002      16.280001     -88.940002     -93.639999
     25.00     -5.00      13.441770       0.096053       0.096053        13      12.0      13.0       0.254626     101.550003     262.540009      70.830002      20.180000     -83.550003    -107.919998
     25.00      0.00      10.000000       0.128522       0.128522        13      12.0      13.0       0.254626     105.019997     253.850006      68.300003      24.940001     -77.389999    -118.739998
     25.00      5.00       6.558230       0.142847       0.142847        13      12.0      13.0       0.254626     102.160004     250.369995      65.470001      28.230000     -75.570000    -118.639999
     25.00     10.00       3.116450       0.153287       0.153287        13      12.0      13.0       0.254626     100.580002     252.559998      64.209999      28.690001     -76.970001    -115.019997
     30.00    -20.00      23.767090       0.031030       0.031030        13      12.0      13.0       0.254626      81.580002     301.720001      61.250000      35.669998    -112.080002     -55.580002
     30.00    -15.00      20.325319       0.042482       0.042482        13      12.0      13.0       0.254626      89.919998     313.760010      68.889999      28.160000    -109.080002     -49.750000
     30.00    -10.00      16.883551       0.062693       0.062693        13      12.0      13.0       0.254626      91.019997     307.989990      75.279999      18.200001    -100.830002     -54.430000
     30.00     -5.00      13.441770       0.095264       0.095264        13      12.0      13.0       0.254626      99.529999     273.619995      69.629997      20.469999     -87.940002     -95.540001
     30.00      0.00      10.000000       0.133825       0.133825        13      12.0      13.0       0.254626     101.440002     257.140015      66.739998      25.250000     -79.889999    -112.209999
     30.00      5.00       6.558230       0.151468       0.151468        13      12.0      13.0       0.254626      99.150002     251.679993      63.930000      28.870001     -77.129997    -114.480003
     30.00     10.00       3.116450       0.160761       0.160761        13      12.0      13.0       0.254626      97.639999     253.330002      62.389999      29.850000     -78.180000    -111.400002
     35.00    -20.00      23.767090       0.025136       0.025136        13      12.0      13.0       0.254626      85.529999     312.220001      51.259998      49.459999    -123.570000     -55.419998
     35.00    -15.00      20.325319       0.028247       0.028247        13      12.0      13.0       0.254626      91.360001     339.140015      64.809998      51.200001    -136.169998     -33.099998
     35.00    -10.00      16.883551       0.043077       0.043077        13      12.0      13.0       0.254626      92.550003     342.040009      77.540001      32.250000    -119.989998     -23.860001
     35.00     -5.00      13.441770       0.081971       0.081971        13      12.0      13.0       0.254626     101.220001     290.739990      69.680000      20.580000     -93.330002     -81.080002
     35.00      0.00      10.000000       0.119884       0.119884        13      12.0      13.0       0.254626     100.400002     260.079987      65.870003      25.530001     -81.389999    -108.480003
     35.00      5.00       6.558230       0.142350       0.142350        13      12.0      13.0       0.254626      95.339996     253.830002      62.220001      29.520000     -79.589996    -108.930000
     35.00     10.00       3.116450       0.150411       0.150411        13      12.0      13.0       0.254626      95.470001     254.750000      60.360001      31.320000     -79.410004    -107.910004
     40.00    -20.00      23.767090       0.022323       0.022323        13      12.0      13.0       0.254626     155.020004     277.660004      37.779999      67.309998     -39.020000    -121.050003
     40.00    -15.00      20.325319       0.029330       0.029330        13      12.0      13.0       0.254626      91.370003     188.270004      75.629997      64.889999     154.020004      15.910000
     40.00    -10.00      16.883551       0.031773       0.031773        13      12.0      13.0       0.254626     105.730003       6.440000      66.660004      69.480003    -157.559998     -25.020000
     40.00     -5.00      13.441770       0.059424       0.059424        13      12.0      13.0       0.254626     111.360001     313.339996      70.739998      20.650000     -97.580002     -69.309998
     40.00      0.00      10.000000       0.089643       0.089643        13      12.0      13.0       0.254626      99.250000     262.470001      66.029999      24.910000     -83.010002    -105.300003
     40.00      5.00       6.558230       0.109489       0.109489        13      12.0      13.0       0.254626      91.510002     253.830002      61.610001      29.570000     -81.379997    -105.500000
     40.00     10.00       3.116450       0.118237       0.118237        13      12.0      13.0       0.254626      93.489998     254.630005      58.570000      32.860001     -79.900002    -106.010002
     45.00    -20.00      23.767090       0.014367       0.014367        13      12.0      13.0       0.254626     175.009995     268.630005      65.099998      82.260002      -8.540000    -154.860001
     45.00    -15.00      20.325319       0.031046       0.031046        13      12.0      13.0       0.254626     102.660004     197.529999      85.940002      39.919998     129.750000       6.340000
     45.00    -10.00      16.883551       0.023577       0.023577        13      12.0      13.0       0.254626     103.320000       7.040000      62.770000      78.000000    -166.479996     -27.900000
     45.00     -5.00      13.441770       0.037174       0.037174        13      12.0      13.0       0.254626     126.989998     332.029999      75.809998      15.590000     -96.529999     -65.769997
     45.00      0.00      10.000000       0.041195       0.041195        13      12.0      13.0       0.254626      96.080002     258.920013      69.919998      20.930000     -83.949997    -106.089996
     45.00      5.00       6.558230       0.056852       0.056852        13      12.0      13.0       0.254626      86.330002     244.660004      64.680000      26.980000     -80.349998    -109.500000
     45.00     10.00       3.116450       0.062290       0.062290        13      12.0      13.0       0.254626      90.650002     248.080002      57.549999      34.549999     -77.430000    -108.900002
     50.00    -20.00      23.767090       0.000000       0.000000        13      12.0      13.0       0.254626     180.000000     360.000000      45.000000      45.000000      90.000000      90.000000
     50.00    -15.00      20.325319       0.000873       0.000873        13      12.0      13.0       0.254626       3.530000     267.589996       7.780000      89.190002       6.000000      97.739998
     50.00    -10.00      16.883551       0.001175       0.001175        13      12.0      13.0       0.254626      31.070000     286.399994       7.840000      88.000000      14.800000      97.580002
     50.00     -5.00      13.441770       0.001271       0.001271        13      12.0      13.0       0.254626     110.830002     254.440002      38.639999      57.230000     119.919998      68.260002
     50.00      0.00      10.000000       0.001240       0.001240        13      12.0      13.0       0.254626      31.770000     244.580002       2.360000      88.019997      57.220001      91.279999
     50.00      5.00       6.558230       0.001746       0.001746        13      12.0      13.0       0.254626      65.180000     275.989990      61.340000      32.470001    -105.959999     -63.290001
     50.00     10.00       3.116450       0.001137       0.001137        13      12.0      13.0       0.254626     178.100006      56.080002      38.520000      67.120003    -141.360001     -58.130001
