      27.420940      37.996189      19.696190       0.244400       3.367500      -1.640000      -1.727500       0.552500       5.477500      -0.492500   26
      27.364361      38.001160      19.696190       0.242200       2.792500      -1.595000      -1.197500       0.390000       5.697500      -0.152500   26
      27.307779      38.006111      19.696190       0.261800       6.402500      -5.057499      -1.345000      -0.272500       3.657500       0.602500   26
      27.251181      38.011040      19.696190       0.320900       7.757500      -7.695000      -0.062500      -1.872500       1.065000       0.237500   26
      27.194580      38.015930      19.696190       0.322900       7.725000      -8.050000       0.325000      -1.610000      -0.537500       0.237500   26
      27.137980      38.020802      19.696190       0.239100       5.422501      -5.465001       0.042500      -1.535000      -1.897500       0.617500   26
      27.081360      38.025639      19.696190       0.255800       5.195000      -4.065000      -1.130000       2.235000      -3.297500       1.755000   26
      27.024740      38.030449      19.696190       0.264200       5.025000      -2.525000      -2.500000       4.335000      -2.187500       1.480000   26
      26.968109      38.035240      19.696190       0.245700       5.885000      -3.127500      -2.757500       4.105000      -0.892500      -0.185000   26
      26.911470      38.040001      19.696190       0.216700       5.655000      -3.087500      -2.567500       2.715000       0.555000      -0.862500   26
      26.854820      38.044731      19.696190       0.196700       5.277500      -2.977500      -2.300000       0.755000       1.712500      -1.182500   26
      26.798189      38.049438      19.696190       0.206600       5.092501      -3.155000      -1.937500      -1.152500       2.457500      -1.512500   26
      26.741529      38.054111      19.696190       0.205800       4.150000      -2.515000      -1.635000      -2.547500       3.030000      -1.692500   26
      26.684860      38.058769      19.696190       0.246700       5.152500      -4.462500      -0.690000      -2.345000       2.962500      -1.665000   26
      26.628189      38.063389      19.696190       0.196300       4.652500      -3.252500      -1.400000      -1.227500       2.802500      -1.142500   26
      26.571510      38.067989      19.696190       0.164700       2.275000       0.520000      -2.795000      -1.697500       2.540000      -1.080000   26
      26.514820      38.072552      19.696190       0.183300       3.125000      -0.217500      -2.907500      -2.270000       2.575000      -1.215000   26
      26.458120      38.077099      19.696190       0.206400       5.350000      -2.445001      -2.905000       0.510000       0.837500      -2.097500   26
      26.401421      38.081612      19.696190       0.276200       6.847500      -4.392500      -2.455000       2.440000       0.725000      -2.392500   26
      26.344709      38.086102      19.696190       0.173000       4.327500      -1.840000      -2.487500      -0.627500      -0.377500      -2.007500   26
      26.288000      38.090561      19.696190       0.157400       3.722500      -1.445000      -2.277500       1.285000      -2.317500      -0.302500   26
      27.415421      37.957031      17.272141       0.260900       4.080000      -2.565001      -1.515000       0.990000       5.487500      -1.130000   26
      27.358879      37.962002      17.272141       0.283100       4.115000      -2.542500      -1.572500       0.672500       6.427500      -0.182500   26
      27.302320      37.966949      17.272141       0.330400       8.092500      -6.602499      -1.490000       0.880000       4.357500      -0.210000   26
      27.245760      37.971870      17.272141       0.364900       8.655000      -9.440000       0.785000      -0.577500       0.577500      -0.877500   26
      27.189190      37.976761      17.272141       0.361000       8.719999      -9.037499       0.317500      -0.185000      -1.582500      -0.092500   26
      27.132610      37.981628      17.272141       0.272000       5.312500      -5.502500       0.190000      -1.445000      -4.090000       1.157500   26
      27.076031      37.986469      17.272141       0.211900       3.317500      -1.452500      -1.865000       2.212500      -3.097500       2.375000   26
      27.019430      37.991280      17.272141       0.231400       4.470000      -0.712500      -3.757500       4.115000      -0.892500       1.097500   26
      26.962830      37.996059      17.272141       0.260900       5.117500      -0.942500      -4.175000       3.917500       1.385000      -1.970000   26
      26.906219      38.000820      17.272141       0.264200       1.330000       2.780000      -4.110000       1.585000       3.315000      -4.762500   26
      26.849609      38.005550      17.272141       0.305200       1.657500       1.430000      -3.087500      -1.762500       3.345000      -6.065000   26
      26.792999      38.010250      17.272141       0.341400       2.670000      -0.947500      -1.722500      -4.692500       3.775000      -5.952500   26
      26.736370      38.014931      17.272141       0.292500       1.812500      -0.525000      -1.287500      -5.332500       4.695000      -4.055000   26
      26.679729      38.019581      17.272141       0.280100       2.720000      -1.715000      -1.005000      -5.167500       4.000000      -3.177500   26
      26.623091      38.024200      17.272141       0.295000       1.790000       0.187500      -1.977500      -4.015000       5.792500      -2.215000   26
      26.566441      38.028790      17.272141       0.303300       0.532500       3.642500      -4.175000      -4.785000       4.357500      -0.945000   26
      26.509781      38.033360      17.272141       0.315000       1.150000       3.357500      -4.507500      -4.922500       4.520000      -1.605000   26
      26.453119      38.037899      17.272141       0.251100       4.995000      -0.347500      -4.647500      -2.482500       2.167500      -2.407500   26
      26.396441      38.042412      17.272141       0.340200       7.975000      -3.872500      -4.102500       2.187500       2.237500      -3.852500   26
      26.339769      38.046890      17.272141       0.300500       7.284999      -3.349999      -3.935000       1.227500       0.800000      -3.797500   26
      26.283079      38.051350      17.272141       0.180100       5.065000      -2.632500      -2.432500       0.360000      -0.405000      -1.357500   26
      27.409920      37.917870      14.848100       0.246400       2.717500      -1.577500      -1.140000       1.632500       5.287500      -1.415000   26
      27.353399      37.922840      14.848100       0.213700       1.772500      -0.377500      -1.395000       0.132500       4.900000      -1.380000   26
      27.296869      37.927792      14.848100       0.200900       3.402500      -2.537500      -0.865000       1.225000       3.217500      -2.005000   26
      27.240339      37.932709      14.848100       0.142900       3.085000      -3.062500      -0.022500      -0.447500       0.745000      -1.642500   26
      27.183800      37.937599      14.848100       0.115700       2.462500      -2.357500      -0.105000      -1.412500      -0.767500      -0.080000   26
      27.127251      37.942459      14.848100       0.187000      -0.195000      -0.100000       0.295000      -1.930000      -4.057500       1.687500   26
      27.070700      37.947300      14.848100       0.197100      -3.520000       5.570000      -2.050000      -0.162500      -0.245000       2.435000   26
      27.014139      37.952099      14.848100       0.306700      -3.900000       8.035000      -4.135000       1.412500       3.040000       0.322500   26
      26.957560      37.956890      14.848100       0.494000      -0.526750       1.093000      -0.566250      -0.025500       0.725000      -0.335500   26
      26.900990      37.961639      14.848100       0.634200      -0.917500       1.439250      -0.521750      -0.130750       0.693500      -0.678000   26
      26.844400      37.966370      14.848100       0.680700      -1.094750       1.468250      -0.373500      -0.370750       0.613000      -0.906250   26
      26.787821      37.971069      14.848100       0.622300      -1.030250       1.251000      -0.220750      -0.611500       0.411000      -0.924500   26
      26.731220      37.975739      14.848100       0.552600      -7.652500       8.765000      -1.112500      -8.942500       3.327500      -6.800001   26
      26.674610      37.980389      14.848100       0.572200      -0.651750       0.783000      -0.131250      -1.004500       0.629750      -0.396500   26
      26.618000      37.985008      14.848100       0.632100      -6.902500       9.557500      -2.655000      -9.687500       8.832500      -2.230000   26
      26.561371      37.989601      14.848100       0.658100      -0.865250       1.336250      -0.471000      -0.820000       0.802500      -0.124750   26
      26.504749      37.994160      14.848100       0.606300      -0.576250       1.103250      -0.527000      -0.909250       0.747000      -0.123000   26
      26.448111      37.998699      14.848100       0.407600      -1.660000       7.380001      -5.720000      -6.190000       4.590000      -2.055000   26
      26.391470      38.003208      14.848100       0.225000       1.465000       3.650000      -5.115000      -1.192500       0.715000      -3.097500   26
      26.334820      38.007690      14.848100       0.263800       4.692500      -0.467499      -4.225000       2.157500       1.122500      -4.585000   26
      26.278170      38.012138      14.848100       0.185200       4.447500      -1.700000      -2.747500       1.332500       0.205000      -2.132500   26
      27.404421      37.878712      12.424050       0.208600       0.062500       0.315000      -0.377500       1.150000       4.910000      -1.500000   26
      27.347931      37.883678      12.424050       0.194900      -1.197500       2.337500      -1.140000       0.405000       3.527500      -2.800000   26
      27.291430      37.888618      12.424050       0.172600      -1.937500       2.477500      -0.540000       1.355000       1.625000      -3.010000   26
      27.234930      37.893539      12.424050       0.219400      -4.222500       5.180000      -0.957500       0.987500       0.222500      -3.090000   26
      27.178419      37.898430      12.424050       0.269800      -5.935000       6.922501      -0.987500      -1.795000      -0.250000      -0.992500   26
      27.121901      37.903290      12.424050       0.395800      -9.242500       9.700000      -0.457500      -1.812500      -1.870000       1.145000   26
      27.065380      37.908119      12.424050       0.524400      -1.184250       1.304500      -0.120250      -0.297000       0.187500       0.210500   26
      27.008841      37.912930      12.424050       0.731300      -1.409000       1.802000      -0.393000      -0.384000       0.709500       0.015250   26
      26.952299      37.917709      12.424050       0.962500      -1.840750       2.415750      -0.575000      -0.351500       0.879000      -0.392250   26
      26.895750      37.922459      12.424050       1.266700      -2.562500       3.117250      -0.554750      -0.502500       0.969250      -0.820000   26
      26.839199      37.927181      12.424050       1.366700      -2.927750       3.400000      -0.472250      -0.652250       0.508250      -1.093000   26
      26.782640      37.931881      12.424050       1.315000      -2.848250       3.160750      -0.312500      -0.862000       0.165000      -1.113500   26
      26.726070      37.936550      12.424050       1.055500      -2.117250       2.207000      -0.089750      -1.119000       0.593750      -0.883750   26
      26.669491      37.941200      12.424050       1.034700      -1.755000       1.878000      -0.123000      -1.491750       0.947500      -0.521750   26
      26.612909      37.945808      12.424050       1.111200      -1.830500       2.149500      -0.319000      -1.501500       1.175500      -0.210750   26
      26.556320      37.950401      12.424050       1.176000      -2.113500       2.651750      -0.538250      -1.357000       0.964500      -0.104750   26
      26.499720      37.954960      12.424050       0.947200      -1.586750       2.170750      -0.584000      -1.160000       0.737250      -0.054250   26
      26.443119      37.959499      12.424050       0.717800      -1.136250       1.811000      -0.674750      -0.841250       0.431750      -0.131750   26
      26.386499      37.964001      12.424050       0.498400      -0.865250       1.482250      -0.617000      -0.384500       0.005500      -0.207250   26
      26.329889      37.968479      12.424050       0.264900      -1.690000       5.685000      -3.995000      -0.762500       0.735000      -4.412499   26
      26.273260      37.972939      12.424050       0.135500       1.715000       0.820000      -2.535000      -0.492500      -0.827500      -2.855000   26
      27.398920      37.839561      10.000000       0.171400      -2.237500       2.510000      -0.272500       1.172500       3.245000      -1.757500   26
      27.342461      37.844521      10.000000       0.308600      -5.487500       6.185000      -0.697500       0.042500       3.505000      -3.585000   26
      27.285999      37.849461      10.000000       0.398700      -8.772499       9.284999      -0.512500       0.490000       1.790000      -3.972500   26
      27.229521      37.854370      10.000000       0.603500      -1.347750       1.562250      -0.214500       0.096000       0.167500      -0.370250   26
      27.173040      37.859261      10.000000       0.622600      -1.428000       1.655750      -0.227750      -0.074500       0.068750      -0.202500   26
      27.116550      37.864120      10.000000       0.726100      -1.734500       1.834750      -0.100250      -0.242000       0.204250       0.084000   26
      27.060061      37.868950      10.000000       0.821200      -1.907000       1.952250      -0.045250      -0.642750       0.234000       0.149500   26
      27.003550      37.873749      10.000000       1.140000      -2.398750       2.727500      -0.328750      -0.923750       0.790000      -0.036750   26
      26.947041      37.878529      10.000000       1.464600      -3.062500       3.514500      -0.452000      -0.889000       1.216000      -0.422750   26
      26.890530      37.883282      10.000000       1.716800      -3.681250       4.089500      -0.408250      -0.795000       1.356000      -0.869500   26
      26.834000      37.888000      10.000000       1.843800      -4.119500       4.462000      -0.342500      -0.881500       0.920750      -1.136000   26
      26.777470      37.892700      10.000000       1.784300      -4.062000       4.280500      -0.218500      -1.070000       0.435000      -1.142500   26
      26.720930      37.897362      10.000000       1.542300      -3.396500       3.480250      -0.083750      -1.295250       0.746250      -0.925000   26
      26.664379      37.902000      10.000000       1.458800      -2.948000       3.116750      -0.168750      -1.613750       1.102750      -0.514750   26
      26.607830      37.906620      10.000000       1.551300      -2.939750       3.353250      -0.413500      -1.832750       1.274500      -0.179500   26
      26.551270      37.911201      10.000000       1.525100      -2.943250       3.556000      -0.612750      -1.686000       0.969500      -0.063750   26
      26.494699      37.915760      10.000000       1.281200      -2.538000       3.257250      -0.719250      -1.176250       0.580250       0.025000   26
      26.438120      37.920300      10.000000       1.078000      -2.161500       2.886500      -0.725000      -0.905500       0.211250      -0.068250   26
      26.381540      37.924801      10.000000       0.837500      -1.706250       2.342000      -0.635750      -0.528750      -0.018500      -0.097250   26
      26.324949      37.929279      10.000000       0.424100      -0.789500       1.163750      -0.374250      -0.319250       0.074250      -0.317250   26
      26.268360      37.933731      10.000000       0.165100      -1.285000       3.297500      -2.012500      -0.972500      -0.587500      -2.857500   26
      27.393431      37.800400       7.575950       0.202700      -4.275000       4.550000      -0.275000       0.395000       1.557500      -1.912500   26
      27.337000      37.805359       7.575950       0.378100      -8.179999       8.649999      -0.470000      -0.282500       2.165000      -3.872500   26
      27.280569      37.810299       7.575950       0.556000      -1.270500       1.333000      -0.062500       0.099750       0.124000      -0.488500   26
      27.224119      37.815208       7.575950       0.822000      -1.852500       2.155750      -0.303250       0.096250       0.253500      -0.369500   26
      27.167669      37.820091       7.575950       0.934100      -2.115000       2.493750      -0.378750      -0.071250       0.264500      -0.241500   26
      27.111210      37.824940       7.575950       1.057600      -2.494750       2.649750      -0.155000      -0.379500       0.463250       0.034500   26
      27.054741      37.829769       7.575950       1.038800      -2.431750       2.380500       0.051250      -0.907250       0.365500       0.068500   26
      26.998270      37.834572       7.575950       1.399600      -3.018000       3.248250      -0.230250      -1.332750       0.777250      -0.109500   26
      26.941790      37.839352       7.575950       1.763900      -3.773500       4.084250      -0.310750      -1.281750       1.449750      -0.441250   26
      26.885300      37.844101       7.575950       2.050800      -4.465500       4.800750      -0.335250      -1.080000       1.694000      -0.835500   26
      26.828810      37.848820       7.575950       2.176300      -4.885250       5.145500      -0.260250      -1.087000       1.436750      -1.083250   26
      26.772301      37.853512       7.575950       2.068000      -4.763250       4.920750      -0.157500      -1.193500       0.870250      -1.073000   26
      26.715790      37.858170       7.575950       1.848900      -4.201500       4.274500      -0.073000      -1.415000       0.854500      -0.827250   26
      26.659281      37.862808       7.575950       1.788200      -3.870750       4.108500      -0.237750      -1.502750       1.263750      -0.412250   26
      26.602751      37.867420       7.575950       1.812300      -3.683250       4.176250      -0.493000      -1.828000       1.252500      -0.104000   26
      26.546221      37.872009       7.575950       1.763300      -3.523750       4.208500      -0.684750      -1.804500       1.006250      -0.026250   26
      26.489679      37.876572       7.575950       1.547700      -3.216000       4.043500      -0.827500      -1.210000       0.473500       0.081000   26
      26.433140      37.881100       7.575950       1.300800      -2.751250       3.525000      -0.773750      -0.828250       0.163750      -0.009750   26
      26.376591      37.885601       7.575950       0.997100      -2.120000       2.764750      -0.644750      -0.408250      -0.221750      -0.043500   26
      26.320030      37.890072       7.575950       0.553800      -1.159250       1.520250      -0.361000      -0.260750       0.111000      -0.229500   26
      26.263460      37.894520       7.575950       0.171800      -2.435000       4.055000      -1.620000      -0.427500       1.425000      -2.222500   26
