 xloc, ave SR, max SR
  -50.0000000      0.222399995      0.260899991    
  -45.0000000      0.270100027      0.378100008    
  -40.0000000      0.320066661      0.555999994    
  -35.0000000      0.412266642      0.822000027    
  -30.0000000      0.437683344      0.934099972    
  -25.0000000      0.479599983       1.05760002    
  -20.0000000      0.508199990       1.03880000    
  -15.0000000      0.678866684       1.39960003    
  -10.0000000      0.865266621       1.76390004    
  -5.00000000       1.02489996       2.05080009    
   0.00000000       1.09490001       2.17630005    
   5.00000000       1.05626667       2.06800008    
   10.0000000      0.916266680       1.84889996    
   15.0000000      0.896783292       1.78820002    
   20.0000000      0.933033288       1.81229997    
   25.0000000      0.931750000       1.76329994    
   30.0000000      0.813450038       1.54770005    
   35.0000000      0.660283327       1.30079997    
   40.0000000      0.529066622      0.997099996    
   45.0000000      0.330016673      0.553799987    
   50.0000000      0.165849999      0.185200006    
