 Time, xloc, ave SR, max SR
   0.00000000      -50.0000000       0.00000000       0.00000000    
   1.00000000      -50.0000000       0.00000000       0.00000000    
   2.00000000      -50.0000000       0.00000000       0.00000000    
   3.00000000      -50.0000000       0.00000000       0.00000000    
   4.00000000      -50.0000000       0.00000000       0.00000000    
   5.00000000      -50.0000000       0.00000000       0.00000000    
   6.00000000      -50.0000000       0.00000000       0.00000000    
   7.00000000      -50.0000000       0.00000000       0.00000000    
   8.00000000      -50.0000000       0.00000000       0.00000000    
   9.00000000      -50.0000000       0.00000000       0.00000000    
   10.0000000      -50.0000000       0.00000000       0.00000000    
   11.0000000      -50.0000000       0.00000000       0.00000000    
   12.0000000      -50.0000000       8.91666685E-04   1.39999995E-03
   13.0000000      -50.0000000       2.05961671E-02   3.14779989E-02
   14.0000000      -50.0000000       3.53694968E-02   5.00099994E-02
   15.0000000      -50.0000000       2.75875013E-02   3.68850008E-02
   16.0000000      -50.0000000       2.12375000E-02   3.89430001E-02
   17.0000000      -50.0000000       2.33331677E-02   3.87879983E-02
   18.0000000      -50.0000000       2.40316670E-02   3.01029999E-02
   19.0000000      -50.0000000       2.27964986E-02   3.13189998E-02
   20.0000000      -50.0000000       2.57433355E-02   3.55800018E-02
   21.0000000      -50.0000000       2.71425005E-02   3.59690003E-02
   22.0000000      -50.0000000       3.13003324E-02   3.84999998E-02
   23.0000000      -50.0000000       2.92135011E-02   4.53400016E-02
   24.0000000      -50.0000000       3.49656679E-02   4.78430018E-02
   25.0000000      -50.0000000       9.82799940E-03   2.30999999E-02
   26.0000000      -50.0000000       2.78166670E-04   1.66900002E-03
   27.0000000      -50.0000000       0.00000000       0.00000000    
   28.0000000      -50.0000000       0.00000000       0.00000000    
   29.0000000      -50.0000000       0.00000000       0.00000000    
   0.00000000      -45.0000000       0.00000000       0.00000000    
   1.00000000      -45.0000000       0.00000000       0.00000000    
   2.00000000      -45.0000000       0.00000000       0.00000000    
   3.00000000      -45.0000000       0.00000000       0.00000000    
   4.00000000      -45.0000000       0.00000000       0.00000000    
   5.00000000      -45.0000000       0.00000000       0.00000000    
   6.00000000      -45.0000000       0.00000000       0.00000000    
   7.00000000      -45.0000000       0.00000000       0.00000000    
   8.00000000      -45.0000000       0.00000000       0.00000000    
   9.00000000      -45.0000000       0.00000000       0.00000000    
   10.0000000      -45.0000000       0.00000000       0.00000000    
   11.0000000      -45.0000000       1.37053346E-02   2.72230003E-02
   12.0000000      -45.0000000       2.92990003E-02   4.01140004E-02
   13.0000000      -45.0000000       3.06103323E-02   4.63160016E-02
   14.0000000      -45.0000000       4.38566655E-02   5.25760017E-02
   15.0000000      -45.0000000       4.05918360E-02   5.95210008E-02
   16.0000000      -45.0000000       3.29288356E-02   5.97280003E-02
   17.0000000      -45.0000000       3.45436670E-02   5.91679998E-02
   18.0000000      -45.0000000       3.59148346E-02   4.75869998E-02
   19.0000000      -45.0000000       3.45236659E-02   4.36600000E-02
   20.0000000      -45.0000000       3.32318321E-02   4.60069999E-02
   21.0000000      -45.0000000       3.18186693E-02   3.69750001E-02
   22.0000000      -45.0000000       3.49128321E-02   4.36520018E-02
   23.0000000      -45.0000000       2.22988352E-02   3.64690013E-02
   24.0000000      -45.0000000       2.69933324E-03   1.61959995E-02
   25.0000000      -45.0000000       0.00000000       0.00000000    
   26.0000000      -45.0000000       0.00000000       0.00000000    
   27.0000000      -45.0000000       0.00000000       0.00000000    
   28.0000000      -45.0000000       0.00000000       0.00000000    
   29.0000000      -45.0000000       0.00000000       0.00000000    
   0.00000000      -40.0000000       0.00000000       0.00000000    
   1.00000000      -40.0000000       0.00000000       0.00000000    
   2.00000000      -40.0000000       0.00000000       0.00000000    
   3.00000000      -40.0000000       0.00000000       0.00000000    
   4.00000000      -40.0000000       0.00000000       0.00000000    
   5.00000000      -40.0000000       0.00000000       0.00000000    
   6.00000000      -40.0000000       0.00000000       0.00000000    
   7.00000000      -40.0000000       0.00000000       0.00000000    
   8.00000000      -40.0000000       0.00000000       0.00000000    
   9.00000000      -40.0000000       3.65466694E-03   7.27500021E-03
   10.0000000      -40.0000000       2.75295023E-02   4.27200012E-02
   11.0000000      -40.0000000       4.19294983E-02   7.54360035E-02
   12.0000000      -40.0000000       5.00971675E-02   7.51279965E-02
   13.0000000      -40.0000000       4.48279977E-02   7.55989999E-02
   14.0000000      -40.0000000       4.68041636E-02   7.26260021E-02
   15.0000000      -40.0000000       4.78636660E-02   8.23229998E-02
   16.0000000      -40.0000000       4.09919992E-02   8.00919980E-02
   17.0000000      -40.0000000       3.80096696E-02   6.76700026E-02
   18.0000000      -40.0000000       3.58633362E-02   4.53470014E-02
   19.0000000      -40.0000000       3.45378332E-02   4.29570004E-02
   20.0000000      -40.0000000       2.54480001E-02   3.72969992E-02
   21.0000000      -40.0000000       2.13405024E-02   2.93199997E-02
   22.0000000      -40.0000000       8.69516656E-03   3.42449993E-02
   23.0000000      -40.0000000       1.34000002E-04   6.14000019E-04
   24.0000000      -40.0000000       0.00000000       0.00000000    
   25.0000000      -40.0000000       0.00000000       0.00000000    
   26.0000000      -40.0000000       0.00000000       0.00000000    
   27.0000000      -40.0000000       0.00000000       0.00000000    
   28.0000000      -40.0000000       0.00000000       0.00000000    
   29.0000000      -40.0000000       0.00000000       0.00000000    
   0.00000000      -35.0000000       0.00000000       0.00000000    
   1.00000000      -35.0000000       0.00000000       0.00000000    
   2.00000000      -35.0000000       0.00000000       0.00000000    
   3.00000000      -35.0000000       0.00000000       0.00000000    
   4.00000000      -35.0000000       0.00000000       0.00000000    
   5.00000000      -35.0000000       0.00000000       0.00000000    
   6.00000000      -35.0000000       0.00000000       0.00000000    
   7.00000000      -35.0000000       0.00000000       0.00000000    
   8.00000000      -35.0000000       2.28039995E-02   5.77149987E-02
   9.00000000      -35.0000000       3.45166661E-02   7.90570006E-02
   10.0000000      -35.0000000       3.89201678E-02   6.04909994E-02
   11.0000000      -35.0000000       5.31818308E-02   9.13840011E-02
   12.0000000      -35.0000000       6.04376644E-02  0.105988003    
   13.0000000      -35.0000000       5.66224940E-02  0.103024997    
   14.0000000      -35.0000000       5.00309952E-02   9.20519978E-02
   15.0000000      -35.0000000       5.15425019E-02   9.74889994E-02
   16.0000000      -35.0000000       4.42683361E-02   9.20900032E-02
   17.0000000      -35.0000000       3.47084999E-02   6.60139993E-02
   18.0000000      -35.0000000       3.12879980E-02   3.77300009E-02
   19.0000000      -35.0000000       2.94588301E-02   3.76980007E-02
   20.0000000      -35.0000000       1.30721657E-02   2.41519995E-02
   21.0000000      -35.0000000       4.68716677E-03   2.36830004E-02
   22.0000000      -35.0000000       3.63833358E-04   2.18300009E-03
   23.0000000      -35.0000000       0.00000000       0.00000000    
   24.0000000      -35.0000000       0.00000000       0.00000000    
   25.0000000      -35.0000000       0.00000000       0.00000000    
   26.0000000      -35.0000000       0.00000000       0.00000000    
   27.0000000      -35.0000000       0.00000000       0.00000000    
   28.0000000      -35.0000000       0.00000000       0.00000000    
   29.0000000      -35.0000000       0.00000000       0.00000000    
   0.00000000      -30.0000000       0.00000000       0.00000000    
   1.00000000      -30.0000000       0.00000000       0.00000000    
   2.00000000      -30.0000000       0.00000000       0.00000000    
   3.00000000      -30.0000000       0.00000000       0.00000000    
   4.00000000      -30.0000000       0.00000000       0.00000000    
   5.00000000      -30.0000000       0.00000000       0.00000000    
   6.00000000      -30.0000000       0.00000000       0.00000000    
   7.00000000      -30.0000000       1.93703342E-02   3.18370014E-02
   8.00000000      -30.0000000       3.85868326E-02   5.80089986E-02
   9.00000000      -30.0000000       4.01446670E-02   7.35279992E-02
   10.0000000      -30.0000000       5.23878336E-02   9.47099999E-02
   11.0000000      -30.0000000       5.98154999E-02  0.118763000    
   12.0000000      -30.0000000       6.49298355E-02  0.127602994    
   13.0000000      -30.0000000       5.93215041E-02  0.121923000    
   14.0000000      -30.0000000       5.08898348E-02  0.101985000    
   15.0000000      -30.0000000       5.12806661E-02  0.105400003    
   16.0000000      -30.0000000       4.47025001E-02   9.66489986E-02
   17.0000000      -30.0000000       2.80060004E-02   5.25860004E-02
   18.0000000      -30.0000000       2.79443357E-02   3.84819992E-02
   19.0000000      -30.0000000       1.88340005E-02   4.11849990E-02
   20.0000000      -30.0000000       2.35533318E-03   1.41319996E-02
   21.0000000      -30.0000000       0.00000000       0.00000000    
   22.0000000      -30.0000000       0.00000000       0.00000000    
   23.0000000      -30.0000000       0.00000000       0.00000000    
   24.0000000      -30.0000000       0.00000000       0.00000000    
   25.0000000      -30.0000000       0.00000000       0.00000000    
   26.0000000      -30.0000000       0.00000000       0.00000000    
   27.0000000      -30.0000000       0.00000000       0.00000000    
   28.0000000      -30.0000000       0.00000000       0.00000000    
   29.0000000      -30.0000000       0.00000000       0.00000000    
   0.00000000      -25.0000000       0.00000000       0.00000000    
   1.00000000      -25.0000000       0.00000000       0.00000000    
   2.00000000      -25.0000000       0.00000000       0.00000000    
   3.00000000      -25.0000000       0.00000000       0.00000000    
   4.00000000      -25.0000000       0.00000000       0.00000000    
   5.00000000      -25.0000000       4.25033318E-03   8.56699981E-03
   6.00000000      -25.0000000       3.50539982E-02   6.43339977E-02
   7.00000000      -25.0000000       4.94103394E-02   8.10030028E-02
   8.00000000      -25.0000000       4.94589992E-02   7.71519989E-02
   9.00000000      -25.0000000       4.33119982E-02   8.73040035E-02
   10.0000000      -25.0000000       5.56081645E-02  0.109339997    
   11.0000000      -25.0000000       6.24378324E-02  0.127192006    
   12.0000000      -25.0000000       6.33916631E-02  0.128721997    
   13.0000000      -25.0000000       5.60276657E-02  0.117283002    
   14.0000000      -25.0000000       4.85163331E-02   9.35129970E-02
   15.0000000      -25.0000000       4.30608355E-02   9.14290026E-02
   16.0000000      -25.0000000       3.90965007E-02   8.04330036E-02
   17.0000000      -25.0000000       1.87576655E-02   4.04140018E-02
   18.0000000      -25.0000000       8.44100025E-03   2.67009996E-02
   19.0000000      -25.0000000       2.14149989E-03   1.23389997E-02
   20.0000000      -25.0000000       0.00000000       0.00000000    
   21.0000000      -25.0000000       0.00000000       0.00000000    
   22.0000000      -25.0000000       0.00000000       0.00000000    
   23.0000000      -25.0000000       0.00000000       0.00000000    
   24.0000000      -25.0000000       0.00000000       0.00000000    
   25.0000000      -25.0000000       0.00000000       0.00000000    
   26.0000000      -25.0000000       0.00000000       0.00000000    
   27.0000000      -25.0000000       0.00000000       0.00000000    
   28.0000000      -25.0000000       0.00000000       0.00000000    
   29.0000000      -25.0000000       0.00000000       0.00000000    
   0.00000000      -20.0000000       0.00000000       0.00000000    
   1.00000000      -20.0000000       0.00000000       0.00000000    
   2.00000000      -20.0000000       0.00000000       0.00000000    
   3.00000000      -20.0000000       0.00000000       0.00000000    
   4.00000000      -20.0000000       3.07376664E-02   5.03210016E-02
   5.00000000      -20.0000000       5.53386658E-02   7.36410022E-02
   6.00000000      -20.0000000       7.14216605E-02   9.39759985E-02
   7.00000000      -20.0000000       7.49213323E-02  0.134496003    
   8.00000000      -20.0000000       6.59628287E-02  0.121081002    
   9.00000000      -20.0000000       5.12734987E-02  0.113706000    
   10.0000000      -20.0000000       5.69135062E-02  0.109953001    
   11.0000000      -20.0000000       5.97196631E-02  0.126656994    
   12.0000000      -20.0000000       5.95288277E-02  0.122576997    
   13.0000000      -20.0000000       4.64394987E-02   8.78610015E-02
   14.0000000      -20.0000000       3.80181670E-02   6.02790006E-02
   15.0000000      -20.0000000       3.03476695E-02   4.76970002E-02
   16.0000000      -20.0000000       1.57570001E-02   2.70390008E-02
   17.0000000      -20.0000000       4.80416650E-03   2.23490000E-02
   18.0000000      -20.0000000       3.22166685E-04   1.93300005E-03
   19.0000000      -20.0000000       0.00000000       0.00000000    
   20.0000000      -20.0000000       0.00000000       0.00000000    
   21.0000000      -20.0000000       0.00000000       0.00000000    
   22.0000000      -20.0000000       0.00000000       0.00000000    
   23.0000000      -20.0000000       0.00000000       0.00000000    
   24.0000000      -20.0000000       0.00000000       0.00000000    
   25.0000000      -20.0000000       0.00000000       0.00000000    
   26.0000000      -20.0000000       0.00000000       0.00000000    
   27.0000000      -20.0000000       0.00000000       0.00000000    
   28.0000000      -20.0000000       0.00000000       0.00000000    
   29.0000000      -20.0000000       0.00000000       0.00000000    
   0.00000000      -15.0000000       0.00000000       0.00000000    
   1.00000000      -15.0000000       0.00000000       0.00000000    
   2.00000000      -15.0000000       1.01643326E-02   2.76500005E-02
   3.00000000      -15.0000000       5.42066693E-02  0.107114002    
   4.00000000      -15.0000000       8.43176618E-02  0.136547998    
   5.00000000      -15.0000000       9.10813287E-02  0.136107996    
   6.00000000      -15.0000000       9.65659991E-02  0.152097002    
   7.00000000      -15.0000000       9.68348384E-02  0.182673007    
   8.00000000      -15.0000000       7.92431608E-02  0.147672996    
   9.00000000      -15.0000000       6.36563301E-02  0.142970994    
   10.0000000      -15.0000000       5.65030016E-02  0.122711003    
   11.0000000      -15.0000000       5.72428294E-02  0.114076003    
   12.0000000      -15.0000000       5.13648354E-02   9.89639983E-02
   13.0000000      -15.0000000       3.32798325E-02   4.94420007E-02
   14.0000000      -15.0000000       2.31463313E-02   3.26609984E-02
   15.0000000      -15.0000000       8.79583322E-03   2.17140000E-02
   16.0000000      -15.0000000       5.23766642E-03   1.70009993E-02
   17.0000000      -15.0000000       5.64666640E-04   3.38799995E-03
   18.0000000      -15.0000000       0.00000000       0.00000000    
   19.0000000      -15.0000000       0.00000000       0.00000000    
   20.0000000      -15.0000000       0.00000000       0.00000000    
   21.0000000      -15.0000000       0.00000000       0.00000000    
   22.0000000      -15.0000000       0.00000000       0.00000000    
   23.0000000      -15.0000000       0.00000000       0.00000000    
   24.0000000      -15.0000000       0.00000000       0.00000000    
   25.0000000      -15.0000000       0.00000000       0.00000000    
   26.0000000      -15.0000000       0.00000000       0.00000000    
   27.0000000      -15.0000000       0.00000000       0.00000000    
   28.0000000      -15.0000000       0.00000000       0.00000000    
   29.0000000      -15.0000000       0.00000000       0.00000000    
   0.00000000      -10.0000000       6.88166649E-04   1.92199997E-03
   1.00000000      -10.0000000       1.66909993E-02   4.59449999E-02
   2.00000000      -10.0000000       4.87766676E-02  0.109526001    
   3.00000000      -10.0000000       8.59983265E-02  0.144447997    
   4.00000000      -10.0000000      0.123539507      0.203665003    
   5.00000000      -10.0000000      0.122444332      0.199386001    
   6.00000000      -10.0000000      0.116854168      0.217665002    
   7.00000000      -10.0000000      0.107917495      0.213035002    
   8.00000000      -10.0000000       9.21914950E-02  0.190776005    
   9.00000000      -10.0000000       7.76781663E-02  0.176587000    
   10.0000000      -10.0000000       6.22563362E-02  0.138184994    
   11.0000000      -10.0000000       5.50328344E-02  0.103869997    
   12.0000000      -10.0000000       3.98038328E-02   6.43170029E-02
   13.0000000      -10.0000000       1.67424995E-02   2.90680006E-02
   14.0000000      -10.0000000       1.05783334E-02   3.53499986E-02
   15.0000000      -10.0000000       1.04815001E-02   3.34450006E-02
   16.0000000      -10.0000000       1.23616669E-03   7.41699990E-03
   17.0000000      -10.0000000       0.00000000       0.00000000    
   18.0000000      -10.0000000       0.00000000       0.00000000    
   19.0000000      -10.0000000       0.00000000       0.00000000    
   20.0000000      -10.0000000       0.00000000       0.00000000    
   21.0000000      -10.0000000       0.00000000       0.00000000    
   22.0000000      -10.0000000       0.00000000       0.00000000    
   23.0000000      -10.0000000       0.00000000       0.00000000    
   24.0000000      -10.0000000       0.00000000       0.00000000    
   25.0000000      -10.0000000       0.00000000       0.00000000    
   26.0000000      -10.0000000       0.00000000       0.00000000    
   27.0000000      -10.0000000       0.00000000       0.00000000    
   28.0000000      -10.0000000       0.00000000       0.00000000    
   29.0000000      -10.0000000       0.00000000       0.00000000    
   0.00000000      -5.00000000       1.86818335E-02   5.39500006E-02
   1.00000000      -5.00000000       4.99128290E-02   9.73529965E-02
   2.00000000      -5.00000000       8.67203400E-02  0.164780006    
   3.00000000      -5.00000000      0.123783670      0.187869996    
   4.00000000      -5.00000000      0.137237176      0.225637004    
   5.00000000      -5.00000000      0.131573007      0.234830007    
   6.00000000      -5.00000000      0.125823498      0.251897991    
   7.00000000      -5.00000000      0.117394663      0.241710007    
   8.00000000      -5.00000000      0.105711997      0.230165005    
   9.00000000      -5.00000000       9.50635001E-02  0.211118996    
   10.0000000      -5.00000000       7.24845007E-02  0.163907006    
   11.0000000      -5.00000000       5.85468374E-02  0.118499003    
   12.0000000      -5.00000000       2.75641661E-02   3.76630016E-02
   13.0000000      -5.00000000       6.38799975E-03   1.99129991E-02
   14.0000000      -5.00000000       7.07083335E-03   2.85369996E-02
   15.0000000      -5.00000000       5.53233316E-03   3.26699987E-02
   16.0000000      -5.00000000       1.31283328E-03   7.87699968E-03
   17.0000000      -5.00000000       0.00000000       0.00000000    
   18.0000000      -5.00000000       0.00000000       0.00000000    
   19.0000000      -5.00000000       0.00000000       0.00000000    
   20.0000000      -5.00000000       0.00000000       0.00000000    
   21.0000000      -5.00000000       0.00000000       0.00000000    
   22.0000000      -5.00000000       0.00000000       0.00000000    
   23.0000000      -5.00000000       0.00000000       0.00000000    
   24.0000000      -5.00000000       0.00000000       0.00000000    
   25.0000000      -5.00000000       0.00000000       0.00000000    
   26.0000000      -5.00000000       0.00000000       0.00000000    
   27.0000000      -5.00000000       0.00000000       0.00000000    
   28.0000000      -5.00000000       0.00000000       0.00000000    
   29.0000000      -5.00000000       0.00000000       0.00000000    
   0.00000000       0.00000000       2.27016658E-02   7.21609965E-02
   1.00000000       0.00000000       6.65958300E-02  0.140432000    
   2.00000000       0.00000000      0.104649998      0.183028996    
   3.00000000       0.00000000      0.127813667      0.193358004    
   4.00000000       0.00000000      0.130332172      0.225131005    
   5.00000000       0.00000000      0.129024491      0.252458990    
   6.00000000       0.00000000      0.125436321      0.251502007    
   7.00000000       0.00000000      0.123360835      0.256215006    
   8.00000000       0.00000000      0.116624676      0.258819014    
   9.00000000       0.00000000      0.108511664      0.230109006    
   10.0000000       0.00000000       8.15435052E-02  0.182311997    
   11.0000000       0.00000000       5.62244989E-02  0.122240998    
   12.0000000       0.00000000       2.45060008E-02   4.46359999E-02
   13.0000000       0.00000000       7.09633296E-03   1.75250005E-02
   14.0000000       0.00000000       8.90633371E-03   3.68390009E-02
   15.0000000       0.00000000       5.20883314E-03   3.05850003E-02
   16.0000000       0.00000000       1.97650003E-03   1.18589997E-02
   17.0000000       0.00000000       0.00000000       0.00000000    
   18.0000000       0.00000000       0.00000000       0.00000000    
   19.0000000       0.00000000       0.00000000       0.00000000    
   20.0000000       0.00000000       0.00000000       0.00000000    
   21.0000000       0.00000000       0.00000000       0.00000000    
   22.0000000       0.00000000       0.00000000       0.00000000    
   23.0000000       0.00000000       0.00000000       0.00000000    
   24.0000000       0.00000000       0.00000000       0.00000000    
   25.0000000       0.00000000       0.00000000       0.00000000    
   26.0000000       0.00000000       0.00000000       0.00000000    
   27.0000000       0.00000000       0.00000000       0.00000000    
   28.0000000       0.00000000       0.00000000       0.00000000    
   29.0000000       0.00000000       0.00000000       0.00000000    
   0.00000000       5.00000000       2.77643334E-02   8.43790025E-02
   1.00000000       5.00000000       6.45525008E-02  0.130181998    
   2.00000000       5.00000000       9.65896770E-02  0.159590006    
   3.00000000       5.00000000      0.113623500      0.177248001    
   4.00000000       5.00000000      0.113993667      0.188627005    
   5.00000000       5.00000000      0.119199663      0.242521003    
   6.00000000       5.00000000      0.125893340      0.227789998    
   7.00000000       5.00000000      0.127605841      0.253746986    
   8.00000000       5.00000000      0.128469169      0.282613009    
   9.00000000       5.00000000      0.119306833      0.245964006    
   10.0000000       5.00000000       8.71730074E-02  0.189195007    
   11.0000000       5.00000000       5.35574965E-02  0.114352003    
   12.0000000       5.00000000       1.95614994E-02   3.88440005E-02
   13.0000000       5.00000000       5.32949949E-03   1.43029997E-02
   14.0000000       5.00000000       6.43966673E-03   2.10410003E-02
   15.0000000       5.00000000       2.94966646E-03   1.73209999E-02
   16.0000000       5.00000000       1.44199992E-03   8.65199976E-03
   17.0000000       5.00000000       0.00000000       0.00000000    
   18.0000000       5.00000000       0.00000000       0.00000000    
   19.0000000       5.00000000       0.00000000       0.00000000    
   20.0000000       5.00000000       0.00000000       0.00000000    
   21.0000000       5.00000000       0.00000000       0.00000000    
   22.0000000       5.00000000       0.00000000       0.00000000    
   23.0000000       5.00000000       0.00000000       0.00000000    
   24.0000000       5.00000000       0.00000000       0.00000000    
   25.0000000       5.00000000       0.00000000       0.00000000    
   26.0000000       5.00000000       0.00000000       0.00000000    
   27.0000000       5.00000000       0.00000000       0.00000000    
   28.0000000       5.00000000       0.00000000       0.00000000    
   29.0000000       5.00000000       0.00000000       0.00000000    
   0.00000000       10.0000000       1.11150008E-03   3.09500005E-03
   1.00000000       10.0000000       2.65770014E-02   6.44700006E-02
   2.00000000       10.0000000       6.39420003E-02  0.105107002    
   3.00000000       10.0000000       8.19784999E-02  0.130050004    
   4.00000000       10.0000000       8.63061622E-02  0.122773997    
   5.00000000       10.0000000      0.104318671      0.196520999    
   6.00000000       10.0000000      0.122700162      0.191628993    
   7.00000000       10.0000000      0.128481999      0.239867002    
   8.00000000       10.0000000      0.136391327      0.284096003    
   9.00000000       10.0000000      0.126175508      0.261557013    
   10.0000000       10.0000000       9.46921706E-02  0.208568007    
   11.0000000       10.0000000       6.12241626E-02  0.137226000    
   12.0000000       10.0000000       3.32660004E-02   6.42379969E-02
   13.0000000       10.0000000       1.00269997E-02   1.23060001E-02
   14.0000000       10.0000000       5.06316638E-03   2.02569999E-02
   15.0000000       10.0000000       7.01749930E-03   2.41969991E-02
   16.0000000       10.0000000       1.18933327E-03   7.13599985E-03
   17.0000000       10.0000000       0.00000000       0.00000000    
   18.0000000       10.0000000       0.00000000       0.00000000    
   19.0000000       10.0000000       0.00000000       0.00000000    
   20.0000000       10.0000000       0.00000000       0.00000000    
   21.0000000       10.0000000       0.00000000       0.00000000    
   22.0000000       10.0000000       0.00000000       0.00000000    
   23.0000000       10.0000000       0.00000000       0.00000000    
   24.0000000       10.0000000       0.00000000       0.00000000    
   25.0000000       10.0000000       0.00000000       0.00000000    
   26.0000000       10.0000000       0.00000000       0.00000000    
   27.0000000       10.0000000       0.00000000       0.00000000    
   28.0000000       10.0000000       0.00000000       0.00000000    
   29.0000000       10.0000000       0.00000000       0.00000000    
   0.00000000       15.0000000       0.00000000       0.00000000    
   1.00000000       15.0000000       0.00000000       0.00000000    
   2.00000000       15.0000000       9.11766663E-03   2.14579999E-02
   3.00000000       15.0000000       3.66384983E-02   6.79079965E-02
   4.00000000       15.0000000       5.01783341E-02   7.46209994E-02
   5.00000000       15.0000000       8.34218338E-02  0.130997002    
   6.00000000       15.0000000      0.104767673      0.139386997    
   7.00000000       15.0000000      0.120695673      0.222633004    
   8.00000000       15.0000000      0.135114998      0.272056997    
   9.00000000       15.0000000      0.132858515      0.269612998    
   10.0000000       15.0000000      0.105033167      0.227310002    
   11.0000000       15.0000000       8.21404979E-02  0.165993005    
   12.0000000       15.0000000       6.47469983E-02  0.123557001    
   13.0000000       15.0000000       5.10368347E-02   9.94379967E-02
   14.0000000       15.0000000       2.67679989E-02   5.85080013E-02
   15.0000000       15.0000000       9.89716593E-03   3.56939994E-02
   16.0000000       15.0000000       7.95083307E-03   3.52049991E-02
   17.0000000       15.0000000       1.37400010E-03   8.24400038E-03
   18.0000000       15.0000000       0.00000000       0.00000000    
   19.0000000       15.0000000       0.00000000       0.00000000    
   20.0000000       15.0000000       0.00000000       0.00000000    
   21.0000000       15.0000000       0.00000000       0.00000000    
   22.0000000       15.0000000       0.00000000       0.00000000    
   23.0000000       15.0000000       0.00000000       0.00000000    
   24.0000000       15.0000000       0.00000000       0.00000000    
   25.0000000       15.0000000       0.00000000       0.00000000    
   26.0000000       15.0000000       0.00000000       0.00000000    
   27.0000000       15.0000000       0.00000000       0.00000000    
   28.0000000       15.0000000       0.00000000       0.00000000    
   29.0000000       15.0000000       0.00000000       0.00000000    
   0.00000000       20.0000000       0.00000000       0.00000000    
   1.00000000       20.0000000       0.00000000       0.00000000    
   2.00000000       20.0000000       0.00000000       0.00000000    
   3.00000000       20.0000000       0.00000000       0.00000000    
   4.00000000       20.0000000       2.60736663E-02   4.60180007E-02
   5.00000000       20.0000000       5.68301678E-02   8.29970017E-02
   6.00000000       20.0000000       7.28171766E-02   8.98479968E-02
   7.00000000       20.0000000       9.80646610E-02  0.195060998    
   8.00000000       20.0000000      0.126931995      0.244461000    
   9.00000000       20.0000000      0.133154824      0.252411008    
   10.0000000       20.0000000      0.115469664      0.237862006    
   11.0000000       20.0000000      0.106465004      0.201315999    
   12.0000000       20.0000000       9.46804956E-02  0.175424993    
   13.0000000       20.0000000       8.19688365E-02  0.158143997    
   14.0000000       20.0000000       6.49630055E-02  0.133086994    
   15.0000000       20.0000000       4.39418368E-02   8.74169990E-02
   16.0000000       20.0000000       2.17291657E-02   4.65629995E-02
   17.0000000       20.0000000       6.65700017E-03   3.29039991E-02
   18.0000000       20.0000000       4.24666679E-04   2.54800008E-03
   19.0000000       20.0000000       0.00000000       0.00000000    
   20.0000000       20.0000000       0.00000000       0.00000000    
   21.0000000       20.0000000       0.00000000       0.00000000    
   22.0000000       20.0000000       0.00000000       0.00000000    
   23.0000000       20.0000000       0.00000000       0.00000000    
   24.0000000       20.0000000       0.00000000       0.00000000    
   25.0000000       20.0000000       0.00000000       0.00000000    
   26.0000000       20.0000000       0.00000000       0.00000000    
   27.0000000       20.0000000       0.00000000       0.00000000    
   28.0000000       20.0000000       0.00000000       0.00000000    
   29.0000000       20.0000000       0.00000000       0.00000000    
   0.00000000       25.0000000       0.00000000       0.00000000    
   1.00000000       25.0000000       0.00000000       0.00000000    
   2.00000000       25.0000000       0.00000000       0.00000000    
   3.00000000       25.0000000       0.00000000       0.00000000    
   4.00000000       25.0000000       0.00000000       0.00000000    
   5.00000000       25.0000000       3.73699982E-03   8.34599975E-03
   6.00000000       25.0000000       3.14948335E-02   5.90690002E-02
   7.00000000       25.0000000       6.72336593E-02  0.136549994    
   8.00000000       25.0000000      0.104916163      0.177406996    
   9.00000000       25.0000000      0.124995671      0.213292003    
   10.0000000       25.0000000      0.120341331      0.232431993    
   11.0000000       25.0000000      0.114666499      0.209560007    
   12.0000000       25.0000000      0.108467340      0.206959993    
   13.0000000       25.0000000       9.80480015E-02  0.192930996    
   14.0000000       25.0000000       8.11449960E-02  0.156317994    
   15.0000000       25.0000000       6.02265000E-02  0.120568998    
   16.0000000       25.0000000       4.88625020E-02   7.93970004E-02
   17.0000000       25.0000000       3.53051685E-02   4.67020012E-02
   18.0000000       25.0000000       7.94216711E-03   2.71840002E-02
   19.0000000       25.0000000       3.15766665E-03   1.88129991E-02
   20.0000000       25.0000000       0.00000000       0.00000000    
   21.0000000       25.0000000       0.00000000       0.00000000    
   22.0000000       25.0000000       0.00000000       0.00000000    
   23.0000000       25.0000000       0.00000000       0.00000000    
   24.0000000       25.0000000       0.00000000       0.00000000    
   25.0000000       25.0000000       0.00000000       0.00000000    
   26.0000000       25.0000000       0.00000000       0.00000000    
   27.0000000       25.0000000       0.00000000       0.00000000    
   28.0000000       25.0000000       0.00000000       0.00000000    
   29.0000000       25.0000000       0.00000000       0.00000000    
   0.00000000       30.0000000       0.00000000       0.00000000    
   1.00000000       30.0000000       0.00000000       0.00000000    
   2.00000000       30.0000000       0.00000000       0.00000000    
   3.00000000       30.0000000       0.00000000       0.00000000    
   4.00000000       30.0000000       0.00000000       0.00000000    
   5.00000000       30.0000000       0.00000000       0.00000000    
   6.00000000       30.0000000       0.00000000       0.00000000    
   7.00000000       30.0000000       2.01018322E-02   2.83090007E-02
   8.00000000       30.0000000       7.00728297E-02  0.101749003    
   9.00000000       30.0000000      0.100601502      0.149658993    
   10.0000000       30.0000000      0.108049661      0.198324993    
   11.0000000       30.0000000      0.107103825      0.195896998    
   12.0000000       30.0000000      0.105368830      0.214987993    
   13.0000000       30.0000000       9.34390053E-02  0.195188001    
   14.0000000       30.0000000       8.09573308E-02  0.148720995    
   15.0000000       30.0000000       6.54416680E-02  0.129213005    
   16.0000000       30.0000000       5.80340028E-02  0.104089998    
   17.0000000       30.0000000       4.92314994E-02   8.77979994E-02
   18.0000000       30.0000000       4.32528369E-02   7.61620030E-02
   19.0000000       30.0000000       2.28003338E-02   3.71799991E-02
   20.0000000       30.0000000       2.22533336E-03   1.33520002E-02
   21.0000000       30.0000000       0.00000000       0.00000000    
   22.0000000       30.0000000       0.00000000       0.00000000    
   23.0000000       30.0000000       0.00000000       0.00000000    
   24.0000000       30.0000000       0.00000000       0.00000000    
   25.0000000       30.0000000       0.00000000       0.00000000    
   26.0000000       30.0000000       0.00000000       0.00000000    
   27.0000000       30.0000000       0.00000000       0.00000000    
   28.0000000       30.0000000       0.00000000       0.00000000    
   29.0000000       30.0000000       0.00000000       0.00000000    
   0.00000000       35.0000000       0.00000000       0.00000000    
   1.00000000       35.0000000       0.00000000       0.00000000    
   2.00000000       35.0000000       0.00000000       0.00000000    
   3.00000000       35.0000000       0.00000000       0.00000000    
   4.00000000       35.0000000       0.00000000       0.00000000    
   5.00000000       35.0000000       0.00000000       0.00000000    
   6.00000000       35.0000000       0.00000000       0.00000000    
   7.00000000       35.0000000       0.00000000       0.00000000    
   8.00000000       35.0000000       2.69904975E-02   5.44839986E-02
   9.00000000       35.0000000       6.04635030E-02   8.75670016E-02
   10.0000000       35.0000000       7.56496638E-02  0.142746001    
   11.0000000       35.0000000       8.58215019E-02  0.155181006    
   12.0000000       35.0000000       9.21289995E-02  0.186159000    
   13.0000000       35.0000000       8.09016600E-02  0.171464995    
   14.0000000       35.0000000       6.87284991E-02  0.123199001    
   15.0000000       35.0000000       6.00495003E-02  0.118079998    
   16.0000000       35.0000000       5.72155006E-02   9.83410031E-02
   17.0000000       35.0000000       5.42161651E-02   9.45340022E-02
   18.0000000       35.0000000       6.00004978E-02  0.107497998    
   19.0000000       35.0000000       4.96603362E-02   7.33209997E-02
   20.0000000       35.0000000       2.08483320E-02   2.96260007E-02
   21.0000000       35.0000000       3.15966643E-03   1.42099997E-02
   22.0000000       35.0000000       2.15333319E-04   1.29199994E-03
   23.0000000       35.0000000       0.00000000       0.00000000    
   24.0000000       35.0000000       0.00000000       0.00000000    
   25.0000000       35.0000000       0.00000000       0.00000000    
   26.0000000       35.0000000       0.00000000       0.00000000    
   27.0000000       35.0000000       0.00000000       0.00000000    
   28.0000000       35.0000000       0.00000000       0.00000000    
   29.0000000       35.0000000       0.00000000       0.00000000    
   0.00000000       40.0000000       0.00000000       0.00000000    
   1.00000000       40.0000000       0.00000000       0.00000000    
   2.00000000       40.0000000       0.00000000       0.00000000    
   3.00000000       40.0000000       0.00000000       0.00000000    
   4.00000000       40.0000000       0.00000000       0.00000000    
   5.00000000       40.0000000       0.00000000       0.00000000    
   6.00000000       40.0000000       0.00000000       0.00000000    
   7.00000000       40.0000000       0.00000000       0.00000000    
   8.00000000       40.0000000       0.00000000       0.00000000    
   9.00000000       40.0000000       3.84433311E-03   9.14099999E-03
   10.0000000       40.0000000       3.55663337E-02   6.84389994E-02
   11.0000000       40.0000000       6.55898377E-02   9.57470015E-02
   12.0000000       40.0000000       7.11885020E-02  0.129655004    
   13.0000000       40.0000000       6.04104996E-02  0.120375998    
   14.0000000       40.0000000       5.01548350E-02   8.97359997E-02
   15.0000000       40.0000000       4.86476682E-02   8.81439969E-02
   16.0000000       40.0000000       5.19841649E-02   7.62479976E-02
   17.0000000       40.0000000       4.80379947E-02   7.43509978E-02
   18.0000000       40.0000000       6.64215013E-02  0.109011002    
   19.0000000       40.0000000       7.41060004E-02  0.115626998    
   20.0000000       40.0000000       5.67776673E-02   7.93939978E-02
   21.0000000       40.0000000       3.41283306E-02   5.05939983E-02
   22.0000000       40.0000000       7.44283246E-03   2.45789997E-02
   23.0000000       40.0000000       9.73333372E-05   4.18000011E-04
   24.0000000       40.0000000       0.00000000       0.00000000    
   25.0000000       40.0000000       0.00000000       0.00000000    
   26.0000000       40.0000000       0.00000000       0.00000000    
   27.0000000       40.0000000       0.00000000       0.00000000    
   28.0000000       40.0000000       0.00000000       0.00000000    
   29.0000000       40.0000000       0.00000000       0.00000000    
   0.00000000       45.0000000       0.00000000       0.00000000    
   1.00000000       45.0000000       0.00000000       0.00000000    
   2.00000000       45.0000000       0.00000000       0.00000000    
   3.00000000       45.0000000       0.00000000       0.00000000    
   4.00000000       45.0000000       0.00000000       0.00000000    
   5.00000000       45.0000000       0.00000000       0.00000000    
   6.00000000       45.0000000       0.00000000       0.00000000    
   7.00000000       45.0000000       0.00000000       0.00000000    
   8.00000000       45.0000000       0.00000000       0.00000000    
   9.00000000       45.0000000       0.00000000       0.00000000    
   10.0000000       45.0000000       0.00000000       0.00000000    
   11.0000000       45.0000000       1.77023336E-02   3.11450008E-02
   12.0000000       45.0000000       4.05029990E-02   6.67129979E-02
   13.0000000       45.0000000       3.99716683E-02   6.76480010E-02
   14.0000000       45.0000000       3.63649987E-02   4.86450009E-02
   15.0000000       45.0000000       3.55480015E-02   4.52420004E-02
   16.0000000       45.0000000       4.24301662E-02   5.13200015E-02
   17.0000000       45.0000000       3.60850021E-02   4.65719998E-02
   18.0000000       45.0000000       5.84938377E-02   8.79060030E-02
   19.0000000       45.0000000       7.52281621E-02  0.121633999    
   20.0000000       45.0000000       6.02208339E-02   9.17880014E-02
   21.0000000       45.0000000       4.15406674E-02   5.13910018E-02
   22.0000000       45.0000000       5.36451638E-02  0.100722000    
   23.0000000       45.0000000       3.11368350E-02   7.26369992E-02
   24.0000000       45.0000000       1.16999994E-03   7.01999990E-03
   25.0000000       45.0000000       0.00000000       0.00000000    
   26.0000000       45.0000000       0.00000000       0.00000000    
   27.0000000       45.0000000       0.00000000       0.00000000    
   28.0000000       45.0000000       0.00000000       0.00000000    
   29.0000000       45.0000000       0.00000000       0.00000000    
   0.00000000       50.0000000       0.00000000       0.00000000    
   1.00000000       50.0000000       0.00000000       0.00000000    
   2.00000000       50.0000000       0.00000000       0.00000000    
   3.00000000       50.0000000       0.00000000       0.00000000    
   4.00000000       50.0000000       0.00000000       0.00000000    
   5.00000000       50.0000000       0.00000000       0.00000000    
   6.00000000       50.0000000       0.00000000       0.00000000    
   7.00000000       50.0000000       0.00000000       0.00000000    
   8.00000000       50.0000000       0.00000000       0.00000000    
   9.00000000       50.0000000       0.00000000       0.00000000    
   10.0000000       50.0000000       0.00000000       0.00000000    
   11.0000000       50.0000000       0.00000000       0.00000000    
   12.0000000       50.0000000       1.31066667E-03   2.23500002E-03
   13.0000000       50.0000000       2.73236651E-02   4.61120009E-02
   14.0000000       50.0000000       3.20048332E-02   4.78309989E-02
   15.0000000       50.0000000       2.38333344E-02   3.00980005E-02
   16.0000000       50.0000000       2.93216649E-02   3.37769985E-02
   17.0000000       50.0000000       2.39453334E-02   3.19509991E-02
   18.0000000       50.0000000       3.18801664E-02   4.23390009E-02
   19.0000000       50.0000000       5.21828346E-02   8.45649987E-02
   20.0000000       50.0000000       4.75433357E-02   7.38260001E-02
   21.0000000       50.0000000       3.91113348E-02   5.15509993E-02
   22.0000000       50.0000000       5.18973358E-02   8.87050033E-02
   23.0000000       50.0000000       3.76261659E-02   7.67150000E-02
   24.0000000       50.0000000       2.78068334E-02   5.54700010E-02
   25.0000000       50.0000000       1.23018334E-02   4.90479991E-02
   26.0000000       50.0000000       7.27166655E-04   4.36299993E-03
   27.0000000       50.0000000       0.00000000       0.00000000    
   28.0000000       50.0000000       0.00000000       0.00000000    
   29.0000000       50.0000000       0.00000000       0.00000000    
