      xloc      yloc          depth         ave SR         max SR         #     start       end     max SR all       strike 1       strike 2          dip 1          dip 2         rake 1         rake 2
    -50.00    -20.00      19.696190       0.047843       0.047843        25      24.0      25.0       0.284096     220.839996     355.709991       8.610000      83.900002     134.800003      83.910004
    -50.00    -15.00      17.272141       0.042216       0.042216        25      24.0      25.0       0.284096      18.879999     255.080002      71.820000      30.549999      65.010002     142.139999
    -50.00    -10.00      14.848100       0.039885       0.039885        25      24.0      25.0       0.284096      42.950001     278.230011      70.570000      31.770000      64.360001     140.820007
    -50.00     -5.00      12.424050       0.030815       0.030815        25      24.0      25.0       0.284096      41.459999     297.029999      78.919998      38.150002      53.259998     161.880005
    -50.00      0.00      10.000000       0.020713       0.020713        25      24.0      25.0       0.284096     100.610001     274.179993      80.669998       9.390000      91.050003      83.660004
    -50.00      5.00       7.575950       0.028322       0.028322        25      24.0      25.0       0.284096      46.759998     280.559998      29.059999      71.830002    -140.059998     -66.930000
    -45.00    -20.00      19.696190       0.016196       0.016196        25      24.0      25.0       0.284096     239.139999     348.450012      14.810000      85.000000     160.080002      76.040001
    -45.00    -15.00      17.272141       0.000000       0.000000        25      24.0      25.0       0.284096     180.000000     360.000000      45.000000      45.000000      90.000000      90.000000
    -45.00    -10.00      14.848100       0.000000       0.000000        25      24.0      25.0       0.284096     180.000000     360.000000      45.000000      45.000000      90.000000      90.000000
    -45.00     -5.00      12.424050       0.000000       0.000000        25      24.0      25.0       0.284096     180.000000     360.000000      45.000000      45.000000      90.000000      90.000000
    -45.00      0.00      10.000000       0.000000       0.000000        25      24.0      25.0       0.284096     180.000000     360.000000      45.000000      45.000000      90.000000      90.000000
    -45.00      5.00       7.575950       0.000000       0.000000        25      24.0      25.0       0.284096     180.000000     360.000000      45.000000      45.000000      90.000000      90.000000
    -40.00    -20.00      19.696190       0.000000       0.000000        25      24.0      25.0       0.284096     180.000000     360.000000      45.000000      45.000000      90.000000      90.000000
    -40.00    -15.00      17.272141       0.000000       0.000000        25      24.0      25.0       0.284096     180.000000     360.000000      45.000000      45.000000      90.000000      90.000000
    -40.00    -10.00      14.848100       0.000000       0.000000        25      24.0      25.0       0.284096     180.000000     360.000000      45.000000      45.000000      90.000000      90.000000
    -40.00     -5.00      12.424050       0.000000       0.000000        25      24.0      25.0       0.284096     180.000000     360.000000      45.000000      45.000000      90.000000      90.000000
    -40.00      0.00      10.000000       0.000000       0.000000        25      24.0      25.0       0.284096     180.000000     360.000000      45.000000      45.000000      90.000000      90.000000
    -40.00      5.00       7.575950       0.000000       0.000000        25      24.0      25.0       0.284096     180.000000     360.000000      45.000000      45.000000      90.000000      90.000000
    -35.00    -20.00      19.696190       0.000000       0.000000        25      24.0      25.0       0.284096     180.000000     360.000000      45.000000      45.000000      90.000000      90.000000
    -35.00    -15.00      17.272141       0.000000       0.000000        25      24.0      25.0       0.284096     180.000000     360.000000      45.000000      45.000000      90.000000      90.000000
    -35.00    -10.00      14.848100       0.000000       0.000000        25      24.0      25.0       0.284096     180.000000     360.000000      45.000000      45.000000      90.000000      90.000000
    -35.00     -5.00      12.424050       0.000000       0.000000        25      24.0      25.0       0.284096     180.000000     360.000000      45.000000      45.000000      90.000000      90.000000
    -35.00      0.00      10.000000       0.000000       0.000000        25      24.0      25.0       0.284096     180.000000     360.000000      45.000000      45.000000      90.000000      90.000000
    -35.00      5.00       7.575950       0.000000       0.000000        25      24.0      25.0       0.284096     180.000000     360.000000      45.000000      45.000000      90.000000      90.000000
    -30.00    -20.00      19.696190       0.000000       0.000000        25      24.0      25.0       0.284096     180.000000     360.000000      45.000000      45.000000      90.000000      90.000000
    -30.00    -15.00      17.272141       0.000000       0.000000        25      24.0      25.0       0.284096     180.000000     360.000000      45.000000      45.000000      90.000000      90.000000
    -30.00    -10.00      14.848100       0.000000       0.000000        25      24.0      25.0       0.284096     180.000000     360.000000      45.000000      45.000000      90.000000      90.000000
    -30.00     -5.00      12.424050       0.000000       0.000000        25      24.0      25.0       0.284096     180.000000     360.000000      45.000000      45.000000      90.000000      90.000000
    -30.00      0.00      10.000000       0.000000       0.000000        25      24.0      25.0       0.284096     180.000000     360.000000      45.000000      45.000000      90.000000      90.000000
    -30.00      5.00       7.575950       0.000000       0.000000        25      24.0      25.0       0.284096     180.000000     360.000000      45.000000      45.000000      90.000000      90.000000
    -25.00    -20.00      19.696190       0.000000       0.000000        25      24.0      25.0       0.284096     180.000000     360.000000      45.000000      45.000000      90.000000      90.000000
    -25.00    -15.00      17.272141       0.000000       0.000000        25      24.0      25.0       0.284096     180.000000     360.000000      45.000000      45.000000      90.000000      90.000000
    -25.00    -10.00      14.848100       0.000000       0.000000        25      24.0      25.0       0.284096     180.000000     360.000000      45.000000      45.000000      90.000000      90.000000
    -25.00     -5.00      12.424050       0.000000       0.000000        25      24.0      25.0       0.284096     180.000000     360.000000      45.000000      45.000000      90.000000      90.000000
    -25.00      0.00      10.000000       0.000000       0.000000        25      24.0      25.0       0.284096     180.000000     360.000000      45.000000      45.000000      90.000000      90.000000
    -25.00      5.00       7.575950       0.000000       0.000000        25      24.0      25.0       0.284096     180.000000     360.000000      45.000000      45.000000      90.000000      90.000000
    -20.00    -20.00      19.696190       0.000000       0.000000        25      24.0      25.0       0.284096     180.000000     360.000000      45.000000      45.000000      90.000000      90.000000
    -20.00    -15.00      17.272141       0.000000       0.000000        25      24.0      25.0       0.284096     180.000000     360.000000      45.000000      45.000000      90.000000      90.000000
    -20.00    -10.00      14.848100       0.000000       0.000000        25      24.0      25.0       0.284096     180.000000     360.000000      45.000000      45.000000      90.000000      90.000000
    -20.00     -5.00      12.424050       0.000000       0.000000        25      24.0      25.0       0.284096     180.000000     360.000000      45.000000      45.000000      90.000000      90.000000
    -20.00      0.00      10.000000       0.000000       0.000000        25      24.0      25.0       0.284096     180.000000     360.000000      45.000000      45.000000      90.000000      90.000000
    -20.00      5.00       7.575950       0.000000       0.000000        25      24.0      25.0       0.284096     180.000000     360.000000      45.000000      45.000000      90.000000      90.000000
    -15.00    -20.00      19.696190       0.000000       0.000000        25      24.0      25.0       0.284096     180.000000     360.000000      45.000000      45.000000      90.000000      90.000000
    -15.00    -15.00      17.272141       0.000000       0.000000        25      24.0      25.0       0.284096     180.000000     360.000000      45.000000      45.000000      90.000000      90.000000
    -15.00    -10.00      14.848100       0.000000       0.000000        25      24.0      25.0       0.284096     180.000000     360.000000      45.000000      45.000000      90.000000      90.000000
    -15.00     -5.00      12.424050       0.000000       0.000000        25      24.0      25.0       0.284096     180.000000     360.000000      45.000000      45.000000      90.000000      90.000000
    -15.00      0.00      10.000000       0.000000       0.000000        25      24.0      25.0       0.284096     180.000000     360.000000      45.000000      45.000000      90.000000      90.000000
    -15.00      5.00       7.575950       0.000000       0.000000        25      24.0      25.0       0.284096     180.000000     360.000000      45.000000      45.000000      90.000000      90.000000
    -10.00    -20.00      19.696190       0.000000       0.000000        25      24.0      25.0       0.284096     180.000000     360.000000      45.000000      45.000000      90.000000      90.000000
    -10.00    -15.00      17.272141       0.000000       0.000000        25      24.0      25.0       0.284096     180.000000     360.000000      45.000000      45.000000      90.000000      90.000000
    -10.00    -10.00      14.848100       0.000000       0.000000        25      24.0      25.0       0.284096     180.000000     360.000000      45.000000      45.000000      90.000000      90.000000
    -10.00     -5.00      12.424050       0.000000       0.000000        25      24.0      25.0       0.284096     180.000000     360.000000      45.000000      45.000000      90.000000      90.000000
    -10.00      0.00      10.000000       0.000000       0.000000        25      24.0      25.0       0.284096     180.000000     360.000000      45.000000      45.000000      90.000000      90.000000
    -10.00      5.00       7.575950       0.000000       0.000000        25      24.0      25.0       0.284096     180.000000     360.000000      45.000000      45.000000      90.000000      90.000000
     -5.00    -20.00      19.696190       0.000000       0.000000        25      24.0      25.0       0.284096     180.000000     360.000000      45.000000      45.000000      90.000000      90.000000
     -5.00    -15.00      17.272141       0.000000       0.000000        25      24.0      25.0       0.284096     180.000000     360.000000      45.000000      45.000000      90.000000      90.000000
     -5.00    -10.00      14.848100       0.000000       0.000000        25      24.0      25.0       0.284096     180.000000     360.000000      45.000000      45.000000      90.000000      90.000000
     -5.00     -5.00      12.424050       0.000000       0.000000        25      24.0      25.0       0.284096     180.000000     360.000000      45.000000      45.000000      90.000000      90.000000
     -5.00      0.00      10.000000       0.000000       0.000000        25      24.0      25.0       0.284096     180.000000     360.000000      45.000000      45.000000      90.000000      90.000000
     -5.00      5.00       7.575950       0.000000       0.000000        25      24.0      25.0       0.284096     180.000000     360.000000      45.000000      45.000000      90.000000      90.000000
      0.00    -20.00      19.696190       0.000000       0.000000        25      24.0      25.0       0.284096     180.000000     360.000000      45.000000      45.000000      90.000000      90.000000
      0.00    -15.00      17.272141       0.000000       0.000000        25      24.0      25.0       0.284096     180.000000     360.000000      45.000000      45.000000      90.000000      90.000000
      0.00    -10.00      14.848100       0.000000       0.000000        25      24.0      25.0       0.284096     180.000000     360.000000      45.000000      45.000000      90.000000      90.000000
      0.00     -5.00      12.424050       0.000000       0.000000        25      24.0      25.0       0.284096     180.000000     360.000000      45.000000      45.000000      90.000000      90.000000
      0.00      0.00      10.000000       0.000000       0.000000        25      24.0      25.0       0.284096     180.000000     360.000000      45.000000      45.000000      90.000000      90.000000
      0.00      5.00       7.575950       0.000000       0.000000        25      24.0      25.0       0.284096     180.000000     360.000000      45.000000      45.000000      90.000000      90.000000
      5.00    -20.00      19.696190       0.000000       0.000000        25      24.0      25.0       0.284096     180.000000     360.000000      45.000000      45.000000      90.000000      90.000000
      5.00    -15.00      17.272141       0.000000       0.000000        25      24.0      25.0       0.284096     180.000000     360.000000      45.000000      45.000000      90.000000      90.000000
      5.00    -10.00      14.848100       0.000000       0.000000        25      24.0      25.0       0.284096     180.000000     360.000000      45.000000      45.000000      90.000000      90.000000
      5.00     -5.00      12.424050       0.000000       0.000000        25      24.0      25.0       0.284096     180.000000     360.000000      45.000000      45.000000      90.000000      90.000000
      5.00      0.00      10.000000       0.000000       0.000000        25      24.0      25.0       0.284096     180.000000     360.000000      45.000000      45.000000      90.000000      90.000000
      5.00      5.00       7.575950       0.000000       0.000000        25      24.0      25.0       0.284096     180.000000     360.000000      45.000000      45.000000      90.000000      90.000000
     10.00    -20.00      19.696190       0.000000       0.000000        25      24.0      25.0       0.284096     180.000000     360.000000      45.000000      45.000000      90.000000      90.000000
     10.00    -15.00      17.272141       0.000000       0.000000        25      24.0      25.0       0.284096     180.000000     360.000000      45.000000      45.000000      90.000000      90.000000
     10.00    -10.00      14.848100       0.000000       0.000000        25      24.0      25.0       0.284096     180.000000     360.000000      45.000000      45.000000      90.000000      90.000000
     10.00     -5.00      12.424050       0.000000       0.000000        25      24.0      25.0       0.284096     180.000000     360.000000      45.000000      45.000000      90.000000      90.000000
     10.00      0.00      10.000000       0.000000       0.000000        25      24.0      25.0       0.284096     180.000000     360.000000      45.000000      45.000000      90.000000      90.000000
     10.00      5.00       7.575950       0.000000       0.000000        25      24.0      25.0       0.284096     180.000000     360.000000      45.000000      45.000000      90.000000      90.000000
     15.00    -20.00      19.696190       0.000000       0.000000        25      24.0      25.0       0.284096     180.000000     360.000000      45.000000      45.000000      90.000000      90.000000
     15.00    -15.00      17.272141       0.000000       0.000000        25      24.0      25.0       0.284096     180.000000     360.000000      45.000000      45.000000      90.000000      90.000000
     15.00    -10.00      14.848100       0.000000       0.000000        25      24.0      25.0       0.284096     180.000000     360.000000      45.000000      45.000000      90.000000      90.000000
     15.00     -5.00      12.424050       0.000000       0.000000        25      24.0      25.0       0.284096     180.000000     360.000000      45.000000      45.000000      90.000000      90.000000
     15.00      0.00      10.000000       0.000000       0.000000        25      24.0      25.0       0.284096     180.000000     360.000000      45.000000      45.000000      90.000000      90.000000
     15.00      5.00       7.575950       0.000000       0.000000        25      24.0      25.0       0.284096     180.000000     360.000000      45.000000      45.000000      90.000000      90.000000
     20.00    -20.00      19.696190       0.000000       0.000000        25      24.0      25.0       0.284096     180.000000     360.000000      45.000000      45.000000      90.000000      90.000000
     20.00    -15.00      17.272141       0.000000       0.000000        25      24.0      25.0       0.284096     180.000000     360.000000      45.000000      45.000000      90.000000      90.000000
     20.00    -10.00      14.848100       0.000000       0.000000        25      24.0      25.0       0.284096     180.000000     360.000000      45.000000      45.000000      90.000000      90.000000
     20.00     -5.00      12.424050       0.000000       0.000000        25      24.0      25.0       0.284096     180.000000     360.000000      45.000000      45.000000      90.000000      90.000000
     20.00      0.00      10.000000       0.000000       0.000000        25      24.0      25.0       0.284096     180.000000     360.000000      45.000000      45.000000      90.000000      90.000000
     20.00      5.00       7.575950       0.000000       0.000000        25      24.0      25.0       0.284096     180.000000     360.000000      45.000000      45.000000      90.000000      90.000000
     25.00    -20.00      19.696190       0.000000       0.000000        25      24.0      25.0       0.284096     180.000000     360.000000      45.000000      45.000000      90.000000      90.000000
     25.00    -15.00      17.272141       0.000000       0.000000        25      24.0      25.0       0.284096     180.000000     360.000000      45.000000      45.000000      90.000000      90.000000
     25.00    -10.00      14.848100       0.000000       0.000000        25      24.0      25.0       0.284096     180.000000     360.000000      45.000000      45.000000      90.000000      90.000000
     25.00     -5.00      12.424050       0.000000       0.000000        25      24.0      25.0       0.284096     180.000000     360.000000      45.000000      45.000000      90.000000      90.000000
     25.00      0.00      10.000000       0.000000       0.000000        25      24.0      25.0       0.284096     180.000000     360.000000      45.000000      45.000000      90.000000      90.000000
     25.00      5.00       7.575950       0.000000       0.000000        25      24.0      25.0       0.284096     180.000000     360.000000      45.000000      45.000000      90.000000      90.000000
     30.00    -20.00      19.696190       0.000000       0.000000        25      24.0      25.0       0.284096     180.000000     360.000000      45.000000      45.000000      90.000000      90.000000
     30.00    -15.00      17.272141       0.000000       0.000000        25      24.0      25.0       0.284096     180.000000     360.000000      45.000000      45.000000      90.000000      90.000000
     30.00    -10.00      14.848100       0.000000       0.000000        25      24.0      25.0       0.284096     180.000000     360.000000      45.000000      45.000000      90.000000      90.000000
     30.00     -5.00      12.424050       0.000000       0.000000        25      24.0      25.0       0.284096     180.000000     360.000000      45.000000      45.000000      90.000000      90.000000
     30.00      0.00      10.000000       0.000000       0.000000        25      24.0      25.0       0.284096     180.000000     360.000000      45.000000      45.000000      90.000000      90.000000
     30.00      5.00       7.575950       0.000000       0.000000        25      24.0      25.0       0.284096     180.000000     360.000000      45.000000      45.000000      90.000000      90.000000
     35.00    -20.00      19.696190       0.000000       0.000000        25      24.0      25.0       0.284096     180.000000     360.000000      45.000000      45.000000      90.000000      90.000000
     35.00    -15.00      17.272141       0.000000       0.000000        25      24.0      25.0       0.284096     180.000000     360.000000      45.000000      45.000000      90.000000      90.000000
     35.00    -10.00      14.848100       0.000000       0.000000        25      24.0      25.0       0.284096     180.000000     360.000000      45.000000      45.000000      90.000000      90.000000
     35.00     -5.00      12.424050       0.000000       0.000000        25      24.0      25.0       0.284096     180.000000     360.000000      45.000000      45.000000      90.000000      90.000000
     35.00      0.00      10.000000       0.000000       0.000000        25      24.0      25.0       0.284096     180.000000     360.000000      45.000000      45.000000      90.000000      90.000000
     35.00      5.00       7.575950       0.000000       0.000000        25      24.0      25.0       0.284096     180.000000     360.000000      45.000000      45.000000      90.000000      90.000000
     40.00    -20.00      19.696190       0.000000       0.000000        25      24.0      25.0       0.284096     180.000000     360.000000      45.000000      45.000000      90.000000      90.000000
     40.00    -15.00      17.272141       0.000000       0.000000        25      24.0      25.0       0.284096     180.000000     360.000000      45.000000      45.000000      90.000000      90.000000
     40.00    -10.00      14.848100       0.000000       0.000000        25      24.0      25.0       0.284096     180.000000     360.000000      45.000000      45.000000      90.000000      90.000000
     40.00     -5.00      12.424050       0.000000       0.000000        25      24.0      25.0       0.284096     180.000000     360.000000      45.000000      45.000000      90.000000      90.000000
     40.00      0.00      10.000000       0.000000       0.000000        25      24.0      25.0       0.284096     180.000000     360.000000      45.000000      45.000000      90.000000      90.000000
     40.00      5.00       7.575950       0.000000       0.000000        25      24.0      25.0       0.284096     180.000000     360.000000      45.000000      45.000000      90.000000      90.000000
     45.00    -20.00      19.696190       0.007020       0.007020        25      24.0      25.0       0.284096     170.470001      24.500000      16.799999      75.949997    -122.889999     -80.690002
     45.00    -15.00      17.272141       0.000000       0.000000        25      24.0      25.0       0.284096     180.000000     360.000000      45.000000      45.000000      90.000000      90.000000
     45.00    -10.00      14.848100       0.000000       0.000000        25      24.0      25.0       0.284096     180.000000     360.000000      45.000000      45.000000      90.000000      90.000000
     45.00     -5.00      12.424050       0.000000       0.000000        25      24.0      25.0       0.284096     180.000000     360.000000      45.000000      45.000000      90.000000      90.000000
     45.00      0.00      10.000000       0.000000       0.000000        25      24.0      25.0       0.284096     180.000000     360.000000      45.000000      45.000000      90.000000      90.000000
     45.00      5.00       7.575950       0.000000       0.000000        25      24.0      25.0       0.284096     180.000000     360.000000      45.000000      45.000000      90.000000      90.000000
     50.00    -20.00      19.696190       0.055470       0.055470        25      24.0      25.0       0.284096     148.380005     308.019989      87.750000       2.400000      90.830002      69.650002
     50.00    -15.00      17.272141       0.025710       0.025710        25      24.0      25.0       0.284096     155.779999      57.060001      26.250000      85.720001    -170.289993     -64.080002
     50.00    -10.00      14.848100       0.017456       0.017456        25      24.0      25.0       0.284096     178.470001      86.739998      51.880001      87.800003    -177.199997     -38.150002
     50.00     -5.00      12.424050       0.014127       0.014127        25      24.0      25.0       0.284096     293.619995      26.610001      35.639999      87.860001      -3.670000    -125.580002
     50.00      0.00      10.000000       0.012517       0.012517        25      24.0      25.0       0.284096      64.540001     200.190002      18.750000      76.349998     132.789993      77.010002
     50.00      5.00       7.575950       0.041561       0.041561        25      24.0      25.0       0.284096      71.949997     274.470001      55.910000      36.230000      76.919998     108.500000
