  -50.0000000      -20.0000000      0.350131989       4.78430018E-02
  -50.0000000      -15.0000000      0.382386982       5.00099994E-02
  -50.0000000      -10.0000000      0.354117990       4.46050018E-02
  -50.0000000      -5.00000000      0.297438025       3.84999998E-02
  -50.0000000       0.00000000      0.284776002       3.29709984E-02
  -50.0000000       5.00000000      0.337040037       3.89430001E-02
  -45.0000000      -20.0000000      0.385823011       4.60069999E-02
  -45.0000000      -15.0000000      0.463992000       5.10339998E-02
  -45.0000000      -10.0000000      0.380370051       5.10319993E-02
  -45.0000000      -5.00000000      0.348286003       3.71610001E-02
  -45.0000000       0.00000000      0.411253005       4.68339995E-02
  -45.0000000       5.00000000      0.535890043       5.97280003E-02
  -40.0000000      -20.0000000      0.448967993       5.95129989E-02
  -40.0000000      -15.0000000      0.508977056       7.54360035E-02
  -40.0000000      -10.0000000      0.399120003       4.34500016E-02
  -40.0000000      -5.00000000      0.318801016       4.27200012E-02
  -40.0000000       0.00000000      0.474004000       5.59599996E-02
  -40.0000000       5.00000000      0.656492949       8.23229998E-02
  -35.0000000      -20.0000000      0.431152046       5.85509986E-02
  -35.0000000      -15.0000000      0.500850022       6.30579963E-02
  -35.0000000      -10.0000000      0.321068019       3.68900001E-02
  -35.0000000      -5.00000000      0.330119014       3.55379991E-02
  -35.0000000       0.00000000      0.656959951       7.73509964E-02
  -35.0000000       5.00000000      0.915269911      0.105988003    
  -30.0000000      -20.0000000      0.432553977       4.89009991E-02
  -30.0000000      -15.0000000      0.506981015       5.65279983E-02
  -30.0000000      -10.0000000      0.275945008       3.53420004E-02
  -30.0000000      -5.00000000      0.420327991       5.59829995E-02
  -30.0000000       0.00000000      0.721065044       9.84539986E-02
  -30.0000000       5.00000000      0.994541943      0.127602994    
  -25.0000000      -20.0000000      0.371654987       4.63959984E-02
  -25.0000000      -15.0000000      0.460981995       6.48370013E-02
  -25.0000000      -10.0000000      0.310256988       5.50060011E-02
  -25.0000000      -5.00000000      0.456170022       6.04639985E-02
  -25.0000000       0.00000000      0.764951944      0.106931001    
  -25.0000000       5.00000000       1.10977304      0.128721997    
  -20.0000000      -20.0000000      0.459507018       7.86100030E-02
  -20.0000000      -15.0000000      0.510384977       6.79790005E-02
  -20.0000000      -10.0000000      0.386862993       5.74779995E-02
  -20.0000000      -5.00000000      0.572515965       6.24830015E-02
  -20.0000000       0.00000000      0.881408036      0.100543000    
  -20.0000000       5.00000000       1.15835905      0.134496003    
  -15.0000000      -20.0000000      0.454148024       7.15499967E-02
  -15.0000000      -15.0000000      0.529383957       7.18170032E-02
  -15.0000000      -10.0000000      0.492184997       9.62650031E-02
  -15.0000000      -5.00000000      0.801825941      0.124219999    
  -15.0000000       0.00000000       1.16289794      0.136335000    
  -15.0000000       5.00000000       1.43279099      0.182673007    
  -10.0000000      -20.0000000      0.435205996       5.57929985E-02
  -10.0000000      -15.0000000      0.551151037       6.99810013E-02
  -10.0000000      -10.0000000      0.627525032      0.113902003    
  -10.0000000      -5.00000000       1.00594294      0.156626999    
  -10.0000000       0.00000000       1.49677587      0.195481002    
  -10.0000000       5.00000000       1.81686413      0.217665002    
  -5.00000000      -20.0000000      0.361224979       4.81100008E-02
  -5.00000000      -15.0000000      0.584971964       9.91659984E-02
  -5.00000000      -10.0000000      0.762212038      0.125997007    
  -5.00000000      -5.00000000       1.33755100      0.165245995    
  -5.00000000       0.00000000       1.80210698      0.219007999    
  -5.00000000       5.00000000       2.17674494      0.251897991    
   0.00000000      -20.0000000      0.324094981       3.82930003E-02
   0.00000000      -15.0000000      0.537799001       8.71509984E-02
   0.00000000      -10.0000000      0.816717029      0.125135005    
   0.00000000      -5.00000000       1.48958683      0.168697998    
   0.00000000       0.00000000       1.95303392      0.212248996    
   0.00000000       5.00000000       2.32184792      0.258819014    
   5.00000000      -20.0000000      0.332067996       5.10899983E-02
   5.00000000      -15.0000000      0.491980970       6.11729994E-02
   5.00000000      -10.0000000      0.829082966      0.114174999    
   5.00000000      -5.00000000       1.47982514      0.165295005    
   5.00000000       0.00000000       1.93822694      0.231207997    
   5.00000000       5.00000000       2.20952392      0.282613009    
   10.0000000      -20.0000000      0.376056969       6.92439973E-02
   10.0000000      -15.0000000      0.477442980       8.67889971E-02
   10.0000000      -10.0000000      0.800753951       9.57880020E-02
   10.0000000      -5.00000000       1.21281791      0.154303998    
   10.0000000       0.00000000       1.66021001      0.241904005    
   10.0000000       5.00000000       2.01549101      0.284096003    
   15.0000000      -20.0000000      0.373113036       7.17490017E-02
   15.0000000      -15.0000000      0.502281010       9.41900015E-02
   15.0000000      -10.0000000      0.753920019       9.46630016E-02
   15.0000000      -5.00000000       1.13205993      0.157137007    
   15.0000000       0.00000000       1.52274299      0.234279007    
   15.0000000       5.00000000       1.84632695      0.272056997    
   20.0000000      -20.0000000      0.335068017       5.64870015E-02
   20.0000000      -15.0000000      0.453998983       6.54290020E-02
   20.0000000      -10.0000000      0.782151878      0.103419997    
   20.0000000      -5.00000000       1.23687196      0.159685001    
   20.0000000       0.00000000       1.58684397      0.214309007    
   20.0000000       5.00000000       1.90609801      0.252411008    
   25.0000000      -20.0000000      0.324434996       5.25889993E-02
   25.0000000      -15.0000000      0.417340040       6.21390007E-02
   25.0000000      -10.0000000      0.725921929      0.112361997    
   25.0000000      -5.00000000       1.19407809      0.151783004    
   25.0000000       0.00000000       1.56607497      0.190904006    
   25.0000000       5.00000000       1.83538699      0.232431993    
   30.0000000      -20.0000000      0.341408044       5.01950011E-02
   30.0000000      -15.0000000      0.447436035       6.03940003E-02
   30.0000000      -10.0000000      0.675916970      0.106326997    
   30.0000000      -5.00000000       1.04491103      0.139331996    
   30.0000000       0.00000000       1.40926397      0.184066996    
   30.0000000       5.00000000       1.64114678      0.214987993    
   35.0000000      -20.0000000      0.358460009       4.67620008E-02
   35.0000000      -15.0000000      0.415457010       5.12750000E-02
   35.0000000      -10.0000000      0.558860004       7.91760013E-02
   35.0000000      -5.00000000      0.846621990      0.114909001    
   35.0000000       0.00000000       1.20123410      0.161348999    
   35.0000000       5.00000000       1.39566505      0.186159000    
   40.0000000      -20.0000000      0.432561994       5.47650009E-02
   40.0000000      -15.0000000      0.518155038       6.13499992E-02
   40.0000000      -10.0000000      0.384526014       6.18820004E-02
   40.0000000      -5.00000000      0.640541017       7.30829984E-02
   40.0000000       0.00000000      0.968514979      0.119530000    
   40.0000000       5.00000000       1.10208797      0.129655004    
   45.0000000      -20.0000000      0.392547011       4.74760011E-02
   45.0000000      -15.0000000      0.471498996       5.48029989E-02
   45.0000000      -10.0000000      0.461005002       5.48890010E-02
   45.0000000      -5.00000000      0.522216022       6.77139983E-02
   45.0000000       0.00000000      0.720496058      0.106490001    
   45.0000000       5.00000000      0.852481008      0.121633999    
   50.0000000      -20.0000000      0.397025019       5.54700010E-02
   50.0000000      -15.0000000      0.410541952       4.34430018E-02
   50.0000000      -10.0000000      0.378892004       4.78309989E-02
   50.0000000      -5.00000000      0.384992033       4.41230014E-02
   50.0000000       0.00000000      0.476688981       7.05830008E-02
   50.0000000       5.00000000      0.584758997       8.87050033E-02
