 Time, xloc, ave SR, max SR
   0.00000000      -50.0000000       0.00000000       0.00000000    
   1.00000000      -50.0000000       0.00000000       0.00000000    
   2.00000000      -50.0000000       0.00000000       0.00000000    
   3.00000000      -50.0000000       0.00000000       0.00000000    
   4.00000000      -50.0000000       0.00000000       0.00000000    
   5.00000000      -50.0000000       0.00000000       0.00000000    
   6.00000000      -50.0000000       0.00000000       0.00000000    
   7.00000000      -50.0000000       0.00000000       0.00000000    
   8.00000000      -50.0000000       0.00000000       0.00000000    
   9.00000000      -50.0000000       0.00000000       0.00000000    
   10.0000000      -50.0000000       0.00000000       0.00000000    
   11.0000000      -50.0000000       0.00000000       0.00000000    
   12.0000000      -50.0000000       1.04500004E-03   1.55000004E-03
   13.0000000      -50.0000000       2.32695695E-02   3.38650011E-02
   14.0000000      -50.0000000       4.07987162E-02   5.36100008E-02
   15.0000000      -50.0000000       4.36048582E-02   6.32380024E-02
   16.0000000      -50.0000000       4.19530012E-02   6.40050024E-02
   17.0000000      -50.0000000       3.76567170E-02   6.13479987E-02
   18.0000000      -50.0000000       4.50862870E-02   5.76479994E-02
   19.0000000      -50.0000000       5.17545715E-02   6.93320036E-02
   20.0000000      -50.0000000       4.31778617E-02   6.15160018E-02
   21.0000000      -50.0000000       4.26381417E-02   7.10370019E-02
   22.0000000      -50.0000000       4.96659987E-02   6.92560002E-02
   23.0000000      -50.0000000       3.74228582E-02   4.80760001E-02
   24.0000000      -50.0000000       3.18225697E-02   5.62379993E-02
   25.0000000      -50.0000000       1.15998583E-02   4.03449982E-02
   26.0000000      -50.0000000       5.47857140E-04   3.83500010E-03
   27.0000000      -50.0000000       0.00000000       0.00000000    
   28.0000000      -50.0000000       0.00000000       0.00000000    
   29.0000000      -50.0000000       0.00000000       0.00000000    
   0.00000000      -45.0000000       0.00000000       0.00000000    
   1.00000000      -45.0000000       0.00000000       0.00000000    
   2.00000000      -45.0000000       0.00000000       0.00000000    
   3.00000000      -45.0000000       0.00000000       0.00000000    
   4.00000000      -45.0000000       0.00000000       0.00000000    
   5.00000000      -45.0000000       0.00000000       0.00000000    
   6.00000000      -45.0000000       0.00000000       0.00000000    
   7.00000000      -45.0000000       0.00000000       0.00000000    
   8.00000000      -45.0000000       0.00000000       0.00000000    
   9.00000000      -45.0000000       0.00000000       0.00000000    
   10.0000000      -45.0000000       0.00000000       0.00000000    
   11.0000000      -45.0000000       2.19388586E-02   3.81279998E-02
   12.0000000      -45.0000000       5.93837164E-02   8.03510025E-02
   13.0000000      -45.0000000       6.51237145E-02   9.44420025E-02
   14.0000000      -45.0000000       6.53025731E-02  0.110960998    
   15.0000000      -45.0000000       6.82002902E-02  0.117898002    
   16.0000000      -45.0000000       6.83437139E-02  0.116769999    
   17.0000000      -45.0000000       6.30275682E-02  0.110225998    
   18.0000000      -45.0000000       7.33645707E-02  0.101512998    
   19.0000000      -45.0000000       7.30537176E-02  0.106613003    
   20.0000000      -45.0000000       5.59318587E-02   7.36169964E-02
   21.0000000      -45.0000000       4.26639989E-02   7.70130008E-02
   22.0000000      -45.0000000       5.11512868E-02   7.39630014E-02
   23.0000000      -45.0000000       2.60068588E-02   4.33799997E-02
   24.0000000      -45.0000000       1.96657144E-03   1.37660000E-02
   25.0000000      -45.0000000       0.00000000       0.00000000    
   26.0000000      -45.0000000       0.00000000       0.00000000    
   27.0000000      -45.0000000       0.00000000       0.00000000    
   28.0000000      -45.0000000       0.00000000       0.00000000    
   29.0000000      -45.0000000       0.00000000       0.00000000    
   0.00000000      -40.0000000       0.00000000       0.00000000    
   1.00000000      -40.0000000       0.00000000       0.00000000    
   2.00000000      -40.0000000       0.00000000       0.00000000    
   3.00000000      -40.0000000       0.00000000       0.00000000    
   4.00000000      -40.0000000       0.00000000       0.00000000    
   5.00000000      -40.0000000       0.00000000       0.00000000    
   6.00000000      -40.0000000       0.00000000       0.00000000    
   7.00000000      -40.0000000       0.00000000       0.00000000    
   8.00000000      -40.0000000       0.00000000       0.00000000    
   9.00000000      -40.0000000       5.30257123E-03   1.12370001E-02
   10.0000000      -40.0000000       4.88970019E-02   8.95920023E-02
   11.0000000      -40.0000000       9.08617154E-02  0.119024001    
   12.0000000      -40.0000000      0.108026430      0.152211994    
   13.0000000      -40.0000000      0.100211434      0.160344005    
   14.0000000      -40.0000000       8.82395729E-02  0.162606999    
   15.0000000      -40.0000000       8.34321454E-02  0.159139007    
   16.0000000      -40.0000000       8.42931420E-02  0.150288001    
   17.0000000      -40.0000000       7.86461458E-02  0.135266006    
   18.0000000      -40.0000000       7.78528601E-02  0.113854997    
   19.0000000      -40.0000000       7.35288635E-02  0.105552003    
   20.0000000      -40.0000000       5.33615686E-02   7.17639998E-02
   21.0000000      -40.0000000       3.20315696E-02   4.57639992E-02
   22.0000000      -40.0000000       1.08285714E-02   4.02209982E-02
   23.0000000      -40.0000000       1.59714284E-04   6.99000026E-04
   24.0000000      -40.0000000       0.00000000       0.00000000    
   25.0000000      -40.0000000       0.00000000       0.00000000    
   26.0000000      -40.0000000       0.00000000       0.00000000    
   27.0000000      -40.0000000       0.00000000       0.00000000    
   28.0000000      -40.0000000       0.00000000       0.00000000    
   29.0000000      -40.0000000       0.00000000       0.00000000    
   0.00000000      -35.0000000       0.00000000       0.00000000    
   1.00000000      -35.0000000       0.00000000       0.00000000    
   2.00000000      -35.0000000       0.00000000       0.00000000    
   3.00000000      -35.0000000       0.00000000       0.00000000    
   4.00000000      -35.0000000       0.00000000       0.00000000    
   5.00000000      -35.0000000       0.00000000       0.00000000    
   6.00000000      -35.0000000       0.00000000       0.00000000    
   7.00000000      -35.0000000       0.00000000       0.00000000    
   8.00000000      -35.0000000       2.25481428E-02   3.91930006E-02
   9.00000000      -35.0000000       5.42285703E-02   8.69510025E-02
   10.0000000      -35.0000000       8.99951458E-02  0.153028995    
   11.0000000      -35.0000000      0.115971290      0.187869996    
   12.0000000      -35.0000000      0.127207145      0.208258003    
   13.0000000      -35.0000000      0.122451559      0.210456997    
   14.0000000      -35.0000000      0.106252432      0.198585004    
   15.0000000      -35.0000000       9.09975693E-02  0.179967001    
   16.0000000      -35.0000000       8.92092809E-02  0.158057004    
   17.0000000      -35.0000000       7.98794180E-02  0.132696003    
   18.0000000      -35.0000000       6.75918609E-02  0.100263000    
   19.0000000      -35.0000000       5.37669994E-02   7.59200007E-02
   20.0000000      -35.0000000       2.05967128E-02   3.28180008E-02
   21.0000000      -35.0000000       3.21542844E-03   1.90859996E-02
   22.0000000      -35.0000000       3.12285731E-04   2.18600011E-03
   23.0000000      -35.0000000       0.00000000       0.00000000    
   24.0000000      -35.0000000       0.00000000       0.00000000    
   25.0000000      -35.0000000       0.00000000       0.00000000    
   26.0000000      -35.0000000       0.00000000       0.00000000    
   27.0000000      -35.0000000       0.00000000       0.00000000    
   28.0000000      -35.0000000       0.00000000       0.00000000    
   29.0000000      -35.0000000       0.00000000       0.00000000    
   0.00000000      -30.0000000       0.00000000       0.00000000    
   1.00000000      -30.0000000       0.00000000       0.00000000    
   2.00000000      -30.0000000       0.00000000       0.00000000    
   3.00000000      -30.0000000       0.00000000       0.00000000    
   4.00000000      -30.0000000       0.00000000       0.00000000    
   5.00000000      -30.0000000       0.00000000       0.00000000    
   6.00000000      -30.0000000       0.00000000       0.00000000    
   7.00000000      -30.0000000       2.57095713E-02   4.75200005E-02
   8.00000000      -30.0000000       7.93515816E-02  0.113614999    
   9.00000000      -30.0000000      0.102534138      0.164839000    
   10.0000000      -30.0000000      0.117247425      0.208970994    
   11.0000000      -30.0000000      0.129325286      0.235370994    
   12.0000000      -30.0000000      0.135725424      0.242302999    
   13.0000000      -30.0000000      0.125476152      0.231268004    
   14.0000000      -30.0000000      0.113703437      0.205996007    
   15.0000000      -30.0000000       8.97798613E-02  0.172487006    
   16.0000000      -30.0000000       7.73171410E-02  0.136433005    
   17.0000000      -30.0000000       6.38719946E-02   9.90969986E-02
   18.0000000      -30.0000000       4.86685708E-02   6.12439997E-02
   19.0000000      -30.0000000       2.23200005E-02   3.04019991E-02
   20.0000000      -30.0000000       2.03457149E-03   1.42419999E-02
   21.0000000      -30.0000000       0.00000000       0.00000000    
   22.0000000      -30.0000000       0.00000000       0.00000000    
   23.0000000      -30.0000000       0.00000000       0.00000000    
   24.0000000      -30.0000000       0.00000000       0.00000000    
   25.0000000      -30.0000000       0.00000000       0.00000000    
   26.0000000      -30.0000000       0.00000000       0.00000000    
   27.0000000      -30.0000000       0.00000000       0.00000000    
   28.0000000      -30.0000000       0.00000000       0.00000000    
   29.0000000      -30.0000000       0.00000000       0.00000000    
   0.00000000      -25.0000000       0.00000000       0.00000000    
   1.00000000      -25.0000000       0.00000000       0.00000000    
   2.00000000      -25.0000000       0.00000000       0.00000000    
   3.00000000      -25.0000000       0.00000000       0.00000000    
   4.00000000      -25.0000000       0.00000000       0.00000000    
   5.00000000      -25.0000000       3.73442844E-03   8.33899993E-03
   6.00000000      -25.0000000       3.34638581E-02   7.64430016E-02
   7.00000000      -25.0000000       8.59824270E-02  0.142882004    
   8.00000000      -25.0000000      0.126513854      0.194451004    
   9.00000000      -25.0000000      0.137540430      0.230768993    
   10.0000000      -25.0000000      0.132185996      0.251962006    
   11.0000000      -25.0000000      0.134102434      0.258610010    
   12.0000000      -25.0000000      0.135568425      0.246854007    
   13.0000000      -25.0000000      0.120957993      0.219727993    
   14.0000000      -25.0000000      0.103632145      0.181573004    
   15.0000000      -25.0000000       7.46447071E-02  0.136017993    
   16.0000000      -25.0000000       5.34750000E-02   8.91380012E-02
   17.0000000      -25.0000000       3.37501392E-02   4.64479998E-02
   18.0000000      -25.0000000       9.62228514E-03   3.32969986E-02
   19.0000000      -25.0000000       1.53100002E-03   1.01600001E-02
   20.0000000      -25.0000000       0.00000000       0.00000000    
   21.0000000      -25.0000000       0.00000000       0.00000000    
   22.0000000      -25.0000000       0.00000000       0.00000000    
   23.0000000      -25.0000000       0.00000000       0.00000000    
   24.0000000      -25.0000000       0.00000000       0.00000000    
   25.0000000      -25.0000000       0.00000000       0.00000000    
   26.0000000      -25.0000000       0.00000000       0.00000000    
   27.0000000      -25.0000000       0.00000000       0.00000000    
   28.0000000      -25.0000000       0.00000000       0.00000000    
   29.0000000      -25.0000000       0.00000000       0.00000000    
   0.00000000      -20.0000000       0.00000000       0.00000000    
   1.00000000      -20.0000000       0.00000000       0.00000000    
   2.00000000      -20.0000000       0.00000000       0.00000000    
   3.00000000      -20.0000000       0.00000000       0.00000000    
   4.00000000      -20.0000000       3.99328545E-02  0.116531998    
   5.00000000      -20.0000000       8.24720040E-02  0.170734003    
   6.00000000      -20.0000000       8.96592811E-02  0.192194000    
   7.00000000      -20.0000000      0.125898436      0.232711002    
   8.00000000      -20.0000000      0.155111834      0.260311991    
   9.00000000      -20.0000000      0.154399559      0.272170007    
   10.0000000      -20.0000000      0.136976436      0.268276989    
   11.0000000      -20.0000000      0.125224993      0.251870006    
   12.0000000      -20.0000000      0.119399145      0.221970007    
   13.0000000      -20.0000000      0.103345573      0.182062998    
   14.0000000      -20.0000000       7.85662904E-02  0.133093998    
   15.0000000      -20.0000000       4.53238562E-02   7.52239972E-02
   16.0000000      -20.0000000       1.56162856E-02   3.29280011E-02
   17.0000000      -20.0000000       2.95985723E-03   1.76810008E-02
   18.0000000      -20.0000000       2.95571430E-04   2.06899992E-03
   19.0000000      -20.0000000       0.00000000       0.00000000    
   20.0000000      -20.0000000       0.00000000       0.00000000    
   21.0000000      -20.0000000       0.00000000       0.00000000    
   22.0000000      -20.0000000       0.00000000       0.00000000    
   23.0000000      -20.0000000       0.00000000       0.00000000    
   24.0000000      -20.0000000       0.00000000       0.00000000    
   25.0000000      -20.0000000       0.00000000       0.00000000    
   26.0000000      -20.0000000       0.00000000       0.00000000    
   27.0000000      -20.0000000       0.00000000       0.00000000    
   28.0000000      -20.0000000       0.00000000       0.00000000    
   29.0000000      -20.0000000       0.00000000       0.00000000    
   0.00000000      -15.0000000       0.00000000       0.00000000    
   1.00000000      -15.0000000       0.00000000       0.00000000    
   2.00000000      -15.0000000       1.04270000E-02   3.41599993E-02
   3.00000000      -15.0000000       4.04264256E-02   9.83849987E-02
   4.00000000      -15.0000000       6.78858608E-02  0.140178993    
   5.00000000      -15.0000000      0.120083146      0.242412001    
   6.00000000      -15.0000000      0.130897999      0.265983999    
   7.00000000      -15.0000000      0.155465707      0.291433007    
   8.00000000      -15.0000000      0.167556152      0.297690004    
   9.00000000      -15.0000000      0.157381013      0.285670012    
   10.0000000      -15.0000000      0.131696001      0.257470012    
   11.0000000      -15.0000000      0.106227286      0.219214007    
   12.0000000      -15.0000000       8.70685726E-02  0.173078999    
   13.0000000      -15.0000000       6.80940002E-02  0.121486999    
   14.0000000      -15.0000000       3.95027138E-02   6.92910030E-02
   15.0000000      -15.0000000       1.27560003E-02   2.93729994E-02
   16.0000000      -15.0000000       4.07714304E-03   2.17109993E-02
   17.0000000      -15.0000000       8.43714282E-04   5.90599980E-03
   18.0000000      -15.0000000       0.00000000       0.00000000    
   19.0000000      -15.0000000       0.00000000       0.00000000    
   20.0000000      -15.0000000       0.00000000       0.00000000    
   21.0000000      -15.0000000       0.00000000       0.00000000    
   22.0000000      -15.0000000       0.00000000       0.00000000    
   23.0000000      -15.0000000       0.00000000       0.00000000    
   24.0000000      -15.0000000       0.00000000       0.00000000    
   25.0000000      -15.0000000       0.00000000       0.00000000    
   26.0000000      -15.0000000       0.00000000       0.00000000    
   27.0000000      -15.0000000       0.00000000       0.00000000    
   28.0000000      -15.0000000       0.00000000       0.00000000    
   29.0000000      -15.0000000       0.00000000       0.00000000    
   0.00000000      -10.0000000       9.31714254E-04   3.11599998E-03
   1.00000000      -10.0000000       2.40428578E-02   6.52090013E-02
   2.00000000      -10.0000000       6.52204230E-02  0.123388000    
   3.00000000      -10.0000000      0.100803718      0.173021004    
   4.00000000      -10.0000000      0.112087719      0.227175996    
   5.00000000      -10.0000000      0.139424294      0.287387013    
   6.00000000      -10.0000000      0.153931990      0.307814002    
   7.00000000      -10.0000000      0.165067717      0.315598011    
   8.00000000      -10.0000000      0.167920858      0.304542989    
   9.00000000      -10.0000000      0.148822859      0.273736000    
   10.0000000      -10.0000000      0.118164860      0.226982996    
   11.0000000      -10.0000000       8.36054310E-02  0.171571001    
   12.0000000      -10.0000000       5.07767163E-02  0.114674002    
   13.0000000      -10.0000000       2.02717148E-02   5.32130003E-02
   14.0000000      -10.0000000       1.30077144E-02   5.71170002E-02
   15.0000000      -10.0000000       7.50142848E-03   3.48590016E-02
   16.0000000      -10.0000000       1.99185708E-03   1.39429998E-02
   17.0000000      -10.0000000       0.00000000       0.00000000    
   18.0000000      -10.0000000       0.00000000       0.00000000    
   19.0000000      -10.0000000       0.00000000       0.00000000    
   20.0000000      -10.0000000       0.00000000       0.00000000    
   21.0000000      -10.0000000       0.00000000       0.00000000    
   22.0000000      -10.0000000       0.00000000       0.00000000    
   23.0000000      -10.0000000       0.00000000       0.00000000    
   24.0000000      -10.0000000       0.00000000       0.00000000    
   25.0000000      -10.0000000       0.00000000       0.00000000    
   26.0000000      -10.0000000       0.00000000       0.00000000    
   27.0000000      -10.0000000       0.00000000       0.00000000    
   28.0000000      -10.0000000       0.00000000       0.00000000    
   29.0000000      -10.0000000       0.00000000       0.00000000    
   0.00000000      -5.00000000       2.25859992E-02   7.01889992E-02
   1.00000000      -5.00000000       6.90888539E-02  0.138310999    
   2.00000000      -5.00000000      0.114861004      0.203523993    
   3.00000000      -5.00000000      0.140935868      0.236523002    
   4.00000000      -5.00000000      0.148506716      0.289440989    
   5.00000000      -5.00000000      0.152611583      0.322142988    
   6.00000000      -5.00000000      0.162356287      0.329205006    
   7.00000000      -5.00000000      0.163009003      0.318776995    
   8.00000000      -5.00000000      0.159398869      0.292445987    
   9.00000000      -5.00000000      0.133822992      0.247394994    
   10.0000000      -5.00000000      0.101402283      0.187519997    
   11.0000000      -5.00000000       6.67865723E-02  0.120977998    
   12.0000000      -5.00000000       2.76120007E-02   5.96010014E-02
   13.0000000      -5.00000000       9.50214267E-03   2.92280000E-02
   14.0000000      -5.00000000       1.09891426E-02   4.85810004E-02
   15.0000000      -5.00000000       2.52228579E-03   1.71429999E-02
   16.0000000      -5.00000000       8.48857162E-04   5.94200008E-03
   17.0000000      -5.00000000       0.00000000       0.00000000    
   18.0000000      -5.00000000       0.00000000       0.00000000    
   19.0000000      -5.00000000       0.00000000       0.00000000    
   20.0000000      -5.00000000       0.00000000       0.00000000    
   21.0000000      -5.00000000       0.00000000       0.00000000    
   22.0000000      -5.00000000       0.00000000       0.00000000    
   23.0000000      -5.00000000       0.00000000       0.00000000    
   24.0000000      -5.00000000       0.00000000       0.00000000    
   25.0000000      -5.00000000       0.00000000       0.00000000    
   26.0000000      -5.00000000       0.00000000       0.00000000    
   27.0000000      -5.00000000       0.00000000       0.00000000    
   28.0000000      -5.00000000       0.00000000       0.00000000    
   29.0000000      -5.00000000       0.00000000       0.00000000    
   0.00000000       0.00000000       2.07681451E-02   7.30279982E-02
   1.00000000       0.00000000       7.15417117E-02  0.147753999    
   2.00000000       0.00000000      0.126781002      0.224149004    
   3.00000000       0.00000000      0.153790146      0.265601009    
   4.00000000       0.00000000      0.164990291      0.312530011    
   5.00000000       0.00000000      0.159152299      0.332179010    
   6.00000000       0.00000000      0.164271712      0.329338998    
   7.00000000       0.00000000      0.154637143      0.306064010    
   8.00000000       0.00000000      0.142523140      0.267802000    
   9.00000000       0.00000000      0.118125297      0.217809007    
   10.0000000       0.00000000       8.69835690E-02  0.160205007    
   11.0000000       0.00000000       5.65648600E-02  0.100125000    
   12.0000000       0.00000000       2.29000002E-02   4.63869981E-02
   13.0000000       0.00000000       1.02064293E-02   3.48750018E-02
   14.0000000       0.00000000       1.20952856E-02   4.43539992E-02
   15.0000000       0.00000000       2.72671436E-03   1.83489993E-02
   16.0000000       0.00000000       1.64285710E-03   1.15000000E-02
   17.0000000       0.00000000       0.00000000       0.00000000    
   18.0000000       0.00000000       0.00000000       0.00000000    
   19.0000000       0.00000000       0.00000000       0.00000000    
   20.0000000       0.00000000       0.00000000       0.00000000    
   21.0000000       0.00000000       0.00000000       0.00000000    
   22.0000000       0.00000000       0.00000000       0.00000000    
   23.0000000       0.00000000       0.00000000       0.00000000    
   24.0000000       0.00000000       0.00000000       0.00000000    
   25.0000000       0.00000000       0.00000000       0.00000000    
   26.0000000       0.00000000       0.00000000       0.00000000    
   27.0000000       0.00000000       0.00000000       0.00000000    
   28.0000000       0.00000000       0.00000000       0.00000000    
   29.0000000       0.00000000       0.00000000       0.00000000    
   0.00000000       5.00000000       1.72540005E-02   6.24569990E-02
   1.00000000       5.00000000       5.51981442E-02  0.117677003    
   2.00000000       5.00000000      0.109936424      0.203024998    
   3.00000000       5.00000000      0.147878855      0.245878994    
   4.00000000       5.00000000      0.162471727      0.292412996    
   5.00000000       5.00000000      0.156390876      0.305083007    
   6.00000000       5.00000000      0.158230856      0.302953988    
   7.00000000       5.00000000      0.143146560      0.278497010    
   8.00000000       5.00000000      0.121069856      0.240107998    
   9.00000000       5.00000000      0.100223847      0.195585996    
   10.0000000       5.00000000       7.69458562E-02  0.148406997    
   11.0000000       5.00000000       5.22595719E-02   9.89409983E-02
   12.0000000       5.00000000       2.48861425E-02   4.94039990E-02
   13.0000000       5.00000000       9.55342781E-03   3.37469988E-02
   14.0000000       5.00000000       8.96000024E-03   3.67299989E-02
   15.0000000       5.00000000       3.52685712E-03   2.42149998E-02
   16.0000000       5.00000000       1.73757144E-03   1.21630002E-02
   17.0000000       5.00000000       0.00000000       0.00000000    
   18.0000000       5.00000000       0.00000000       0.00000000    
   19.0000000       5.00000000       0.00000000       0.00000000    
   20.0000000       5.00000000       0.00000000       0.00000000    
   21.0000000       5.00000000       0.00000000       0.00000000    
   22.0000000       5.00000000       0.00000000       0.00000000    
   23.0000000       5.00000000       0.00000000       0.00000000    
   24.0000000       5.00000000       0.00000000       0.00000000    
   25.0000000       5.00000000       0.00000000       0.00000000    
   26.0000000       5.00000000       0.00000000       0.00000000    
   27.0000000       5.00000000       0.00000000       0.00000000    
   28.0000000       5.00000000       0.00000000       0.00000000    
   29.0000000       5.00000000       0.00000000       0.00000000    
   0.00000000       10.0000000       6.55428565E-04   2.24999990E-03
   1.00000000       10.0000000       1.91981439E-02   4.95590009E-02
   2.00000000       10.0000000       7.02621415E-02  0.133867994    
   3.00000000       10.0000000      0.116844423      0.186922997    
   4.00000000       10.0000000      0.146342009      0.240810007    
   5.00000000       10.0000000      0.139621571      0.240468994    
   6.00000000       10.0000000      0.138334557      0.248064995    
   7.00000000       10.0000000      0.123161711      0.234365001    
   8.00000000       10.0000000      0.101043716      0.209257007    
   9.00000000       10.0000000       8.71637091E-02  0.181536004    
   10.0000000       10.0000000       7.48590007E-02  0.150519997    
   11.0000000       10.0000000       6.21242858E-02  0.117413998    
   12.0000000       10.0000000       4.53017130E-02   7.85539970E-02
   13.0000000       10.0000000       1.82131417E-02   3.64230014E-02
   14.0000000       10.0000000       1.08531415E-02   3.88440005E-02
   15.0000000       10.0000000       8.46700091E-03   3.17130014E-02
   16.0000000       10.0000000       1.60657149E-03   1.12460004E-02
   17.0000000       10.0000000       0.00000000       0.00000000    
   18.0000000       10.0000000       0.00000000       0.00000000    
   19.0000000       10.0000000       0.00000000       0.00000000    
   20.0000000       10.0000000       0.00000000       0.00000000    
   21.0000000       10.0000000       0.00000000       0.00000000    
   22.0000000       10.0000000       0.00000000       0.00000000    
   23.0000000       10.0000000       0.00000000       0.00000000    
   24.0000000       10.0000000       0.00000000       0.00000000    
   25.0000000       10.0000000       0.00000000       0.00000000    
   26.0000000       10.0000000       0.00000000       0.00000000    
   27.0000000       10.0000000       0.00000000       0.00000000    
   28.0000000       10.0000000       0.00000000       0.00000000    
   29.0000000       10.0000000       0.00000000       0.00000000    
   0.00000000       15.0000000       0.00000000       0.00000000    
   1.00000000       15.0000000       0.00000000       0.00000000    
   2.00000000       15.0000000       8.52728542E-03   2.38279998E-02
   3.00000000       15.0000000       4.69851457E-02   8.91550034E-02
   4.00000000       15.0000000       9.36658606E-02  0.139109001    
   5.00000000       15.0000000      0.107452713      0.155125007    
   6.00000000       15.0000000      0.105983712      0.175667003    
   7.00000000       15.0000000       9.33844298E-02  0.178949997    
   8.00000000       15.0000000       7.91324303E-02  0.172594994    
   9.00000000       15.0000000       7.71085694E-02  0.165724993    
   10.0000000       15.0000000       7.85930008E-02  0.156030998    
   11.0000000       15.0000000       7.36835673E-02  0.141527995    
   12.0000000       15.0000000       6.12202883E-02  0.118119001    
   13.0000000       15.0000000       4.39432859E-02   8.89099985E-02
   14.0000000       15.0000000       3.11801434E-02   5.48730008E-02
   15.0000000       15.0000000       1.05905710E-02   3.01729999E-02
   16.0000000       15.0000000       5.27085690E-03   2.83989999E-02
   17.0000000       15.0000000       6.55428565E-04   4.58800001E-03
   18.0000000       15.0000000       0.00000000       0.00000000    
   19.0000000       15.0000000       0.00000000       0.00000000    
   20.0000000       15.0000000       0.00000000       0.00000000    
   21.0000000       15.0000000       0.00000000       0.00000000    
   22.0000000       15.0000000       0.00000000       0.00000000    
   23.0000000       15.0000000       0.00000000       0.00000000    
   24.0000000       15.0000000       0.00000000       0.00000000    
   25.0000000       15.0000000       0.00000000       0.00000000    
   26.0000000       15.0000000       0.00000000       0.00000000    
   27.0000000       15.0000000       0.00000000       0.00000000    
   28.0000000       15.0000000       0.00000000       0.00000000    
   29.0000000       15.0000000       0.00000000       0.00000000    
   0.00000000       20.0000000       0.00000000       0.00000000    
   1.00000000       20.0000000       0.00000000       0.00000000    
   2.00000000       20.0000000       0.00000000       0.00000000    
   3.00000000       20.0000000       0.00000000       0.00000000    
   4.00000000       20.0000000       2.60527134E-02   5.44760004E-02
   5.00000000       20.0000000       5.56711480E-02   8.23300034E-02
   6.00000000       20.0000000       5.82351424E-02   9.65230018E-02
   7.00000000       20.0000000       6.37284368E-02  0.117963001    
   8.00000000       20.0000000       6.82811365E-02  0.133752003    
   9.00000000       20.0000000       7.18419999E-02  0.146308005    
   10.0000000       20.0000000       7.98897147E-02  0.154798001    
   11.0000000       20.0000000       7.92052820E-02  0.155846998    
   12.0000000       20.0000000       7.23181441E-02  0.145072997    
   13.0000000       20.0000000       6.18654229E-02  0.122984000    
   14.0000000       20.0000000       4.76211421E-02   8.92260000E-02
   15.0000000       20.0000000       3.38024274E-02   4.88779992E-02
   16.0000000       20.0000000       1.47358570E-02   3.48590016E-02
   17.0000000       20.0000000       4.14742855E-03   2.36760005E-02
   18.0000000       20.0000000       3.04571411E-04   2.13199994E-03
   19.0000000       20.0000000       0.00000000       0.00000000    
   20.0000000       20.0000000       0.00000000       0.00000000    
   21.0000000       20.0000000       0.00000000       0.00000000    
   22.0000000       20.0000000       0.00000000       0.00000000    
   23.0000000       20.0000000       0.00000000       0.00000000    
   24.0000000       20.0000000       0.00000000       0.00000000    
   25.0000000       20.0000000       0.00000000       0.00000000    
   26.0000000       20.0000000       0.00000000       0.00000000    
   27.0000000       20.0000000       0.00000000       0.00000000    
   28.0000000       20.0000000       0.00000000       0.00000000    
   29.0000000       20.0000000       0.00000000       0.00000000    
   0.00000000       25.0000000       0.00000000       0.00000000    
   1.00000000       25.0000000       0.00000000       0.00000000    
   2.00000000       25.0000000       0.00000000       0.00000000    
   3.00000000       25.0000000       0.00000000       0.00000000    
   4.00000000       25.0000000       0.00000000       0.00000000    
   5.00000000       25.0000000       4.86500049E-03   9.61299986E-03
   6.00000000       25.0000000       3.73744294E-02   6.93859980E-02
   7.00000000       25.0000000       5.71747161E-02   8.46000016E-02
   8.00000000       25.0000000       6.41792864E-02   9.80599970E-02
   9.00000000       25.0000000       6.92605749E-02  0.125295997    
   10.0000000       25.0000000       7.29732886E-02  0.144325003    
   11.0000000       25.0000000       7.95854330E-02  0.153979003    
   12.0000000       25.0000000       7.95891434E-02  0.152856007    
   13.0000000       25.0000000       7.23504275E-02  0.140267000    
   14.0000000       25.0000000       5.98660037E-02  0.116260998    
   15.0000000       25.0000000       5.25754280E-02   8.95050019E-02
   16.0000000       25.0000000       4.46401462E-02   6.33319989E-02
   17.0000000       25.0000000       2.39868592E-02   4.19859998E-02
   18.0000000       25.0000000       8.02842807E-03   2.34769993E-02
   19.0000000       25.0000000       3.99642857E-03   2.75279991E-02
   20.0000000       25.0000000       0.00000000       0.00000000    
   21.0000000       25.0000000       0.00000000       0.00000000    
   22.0000000       25.0000000       0.00000000       0.00000000    
   23.0000000       25.0000000       0.00000000       0.00000000    
   24.0000000       25.0000000       0.00000000       0.00000000    
   25.0000000       25.0000000       0.00000000       0.00000000    
   26.0000000       25.0000000       0.00000000       0.00000000    
   27.0000000       25.0000000       0.00000000       0.00000000    
   28.0000000       25.0000000       0.00000000       0.00000000    
   29.0000000       25.0000000       0.00000000       0.00000000    
   0.00000000       30.0000000       0.00000000       0.00000000    
   1.00000000       30.0000000       0.00000000       0.00000000    
   2.00000000       30.0000000       0.00000000       0.00000000    
   3.00000000       30.0000000       0.00000000       0.00000000    
   4.00000000       30.0000000       0.00000000       0.00000000    
   5.00000000       30.0000000       0.00000000       0.00000000    
   6.00000000       30.0000000       0.00000000       0.00000000    
   7.00000000       30.0000000       2.58857142E-02   3.91989984E-02
   8.00000000       30.0000000       5.93267120E-02   8.69159997E-02
   9.00000000       30.0000000       5.78957126E-02   9.82680023E-02
   10.0000000       30.0000000       6.87920004E-02  0.119020998    
   11.0000000       30.0000000       7.29655698E-02  0.134813994    
   12.0000000       30.0000000       8.05052891E-02  0.144280002    
   13.0000000       30.0000000       7.38072842E-02  0.142361000    
   14.0000000       30.0000000       6.36119917E-02  0.132139996    
   15.0000000       30.0000000       6.18615709E-02  0.118538000    
   16.0000000       30.0000000       5.89061417E-02  0.100763999    
   17.0000000       30.0000000       4.49004248E-02   7.94769973E-02
   18.0000000       30.0000000       3.29748578E-02   6.22580014E-02
   19.0000000       30.0000000       1.68512855E-02   3.19480002E-02
   20.0000000       30.0000000       1.58757146E-03   1.11130001E-02
   21.0000000       30.0000000       0.00000000       0.00000000    
   22.0000000       30.0000000       0.00000000       0.00000000    
   23.0000000       30.0000000       0.00000000       0.00000000    
   24.0000000       30.0000000       0.00000000       0.00000000    
   25.0000000       30.0000000       0.00000000       0.00000000    
   26.0000000       30.0000000       0.00000000       0.00000000    
   27.0000000       30.0000000       0.00000000       0.00000000    
   28.0000000       30.0000000       0.00000000       0.00000000    
   29.0000000       30.0000000       0.00000000       0.00000000    
   0.00000000       35.0000000       0.00000000       0.00000000    
   1.00000000       35.0000000       0.00000000       0.00000000    
   2.00000000       35.0000000       0.00000000       0.00000000    
   3.00000000       35.0000000       0.00000000       0.00000000    
   4.00000000       35.0000000       0.00000000       0.00000000    
   5.00000000       35.0000000       0.00000000       0.00000000    
   6.00000000       35.0000000       0.00000000       0.00000000    
   7.00000000       35.0000000       0.00000000       0.00000000    
   8.00000000       35.0000000       2.16217134E-02   3.77399996E-02
   9.00000000       35.0000000       4.67628539E-02   6.51369989E-02
   10.0000000       35.0000000       5.91892861E-02   7.74540007E-02
   11.0000000       35.0000000       6.02268539E-02  0.104029000    
   12.0000000       35.0000000       7.09418580E-02  0.122378998    
   13.0000000       35.0000000       6.54951409E-02  0.130098000    
   14.0000000       35.0000000       6.22889996E-02  0.132254004    
   15.0000000       35.0000000       6.49014264E-02  0.130997002    
   16.0000000       35.0000000       6.83418587E-02  0.125284001    
   17.0000000       35.0000000       6.84017166E-02  0.113672003    
   18.0000000       35.0000000       6.11610003E-02  0.101328999    
   19.0000000       35.0000000       3.83239985E-02   5.89479990E-02
   20.0000000       35.0000000       1.30501445E-02   2.50410009E-02
   21.0000000       35.0000000       2.68157152E-03   1.24059999E-02
   22.0000000       35.0000000       1.63142846E-04   1.14199996E-03
   23.0000000       35.0000000       0.00000000       0.00000000    
   24.0000000       35.0000000       0.00000000       0.00000000    
   25.0000000       35.0000000       0.00000000       0.00000000    
   26.0000000       35.0000000       0.00000000       0.00000000    
   27.0000000       35.0000000       0.00000000       0.00000000    
   28.0000000       35.0000000       0.00000000       0.00000000    
   29.0000000       35.0000000       0.00000000       0.00000000    
   0.00000000       40.0000000       0.00000000       0.00000000    
   1.00000000       40.0000000       0.00000000       0.00000000    
   2.00000000       40.0000000       0.00000000       0.00000000    
   3.00000000       40.0000000       0.00000000       0.00000000    
   4.00000000       40.0000000       0.00000000       0.00000000    
   5.00000000       40.0000000       0.00000000       0.00000000    
   6.00000000       40.0000000       0.00000000       0.00000000    
   7.00000000       40.0000000       0.00000000       0.00000000    
   8.00000000       40.0000000       0.00000000       0.00000000    
   9.00000000       40.0000000       4.16757166E-03   6.68099988E-03
   10.0000000       40.0000000       3.56529988E-02   5.20250015E-02
   11.0000000       40.0000000       5.40787093E-02   7.02219978E-02
   12.0000000       40.0000000       5.38864322E-02   9.03109983E-02
   13.0000000       40.0000000       5.59098534E-02  0.104080997    
   14.0000000       40.0000000       6.17134273E-02  0.116323002    
   15.0000000       40.0000000       6.58652857E-02  0.124784000    
   16.0000000       40.0000000       7.41048530E-02  0.128490999    
   17.0000000       40.0000000       7.93174282E-02  0.124898002    
   18.0000000       40.0000000       8.19801465E-02  0.124099001    
   19.0000000       40.0000000       6.78590015E-02   9.53340009E-02
   20.0000000       40.0000000       5.05107120E-02   7.61040002E-02
   21.0000000       40.0000000       3.19662876E-02   4.54749987E-02
   22.0000000       40.0000000       8.50585755E-03   2.69660000E-02
   23.0000000       40.0000000       1.13285714E-04   4.53999994E-04
   24.0000000       40.0000000       0.00000000       0.00000000    
   25.0000000       40.0000000       0.00000000       0.00000000    
   26.0000000       40.0000000       0.00000000       0.00000000    
   27.0000000       40.0000000       0.00000000       0.00000000    
   28.0000000       40.0000000       0.00000000       0.00000000    
   29.0000000       40.0000000       0.00000000       0.00000000    
   0.00000000       45.0000000       0.00000000       0.00000000    
   1.00000000       45.0000000       0.00000000       0.00000000    
   2.00000000       45.0000000       0.00000000       0.00000000    
   3.00000000       45.0000000       0.00000000       0.00000000    
   4.00000000       45.0000000       0.00000000       0.00000000    
   5.00000000       45.0000000       0.00000000       0.00000000    
   6.00000000       45.0000000       0.00000000       0.00000000    
   7.00000000       45.0000000       0.00000000       0.00000000    
   8.00000000       45.0000000       0.00000000       0.00000000    
   9.00000000       45.0000000       0.00000000       0.00000000    
   10.0000000       45.0000000       0.00000000       0.00000000    
   11.0000000       45.0000000       1.64207146E-02   4.05940004E-02
   12.0000000       45.0000000       3.59168574E-02   4.21039984E-02
   13.0000000       45.0000000       4.48488593E-02   6.77819997E-02
   14.0000000       45.0000000       5.70378602E-02   9.06260014E-02
   15.0000000       45.0000000       6.44718558E-02  0.101576999    
   16.0000000       45.0000000       7.04074278E-02  0.107633002    
   17.0000000       45.0000000       7.30779916E-02  0.108579002    
   18.0000000       45.0000000       7.95158595E-02  0.114192002    
   19.0000000       45.0000000       7.60372877E-02  0.105378002    
   20.0000000       45.0000000       6.72268569E-02   8.67300034E-02
   21.0000000       45.0000000       5.26944287E-02   6.67470023E-02
   22.0000000       45.0000000       4.00280021E-02   4.95110005E-02
   23.0000000       45.0000000       1.96302850E-02   3.64269987E-02
   24.0000000       45.0000000       1.33057137E-03   9.31399968E-03
   25.0000000       45.0000000       0.00000000       0.00000000    
   26.0000000       45.0000000       0.00000000       0.00000000    
   27.0000000       45.0000000       0.00000000       0.00000000    
   28.0000000       45.0000000       0.00000000       0.00000000    
   29.0000000       45.0000000       0.00000000       0.00000000    
   0.00000000       50.0000000       0.00000000       0.00000000    
   1.00000000       50.0000000       0.00000000       0.00000000    
   2.00000000       50.0000000       0.00000000       0.00000000    
   3.00000000       50.0000000       0.00000000       0.00000000    
   4.00000000       50.0000000       0.00000000       0.00000000    
   5.00000000       50.0000000       0.00000000       0.00000000    
   6.00000000       50.0000000       0.00000000       0.00000000    
   7.00000000       50.0000000       0.00000000       0.00000000    
   8.00000000       50.0000000       0.00000000       0.00000000    
   9.00000000       50.0000000       0.00000000       0.00000000    
   10.0000000       50.0000000       0.00000000       0.00000000    
   11.0000000       50.0000000       0.00000000       0.00000000    
   12.0000000       50.0000000       1.24357152E-03   1.85999996E-03
   13.0000000       50.0000000       2.77079977E-02   3.98389995E-02
   14.0000000       50.0000000       4.50351462E-02   6.37769997E-02
   15.0000000       50.0000000       4.81858589E-02   5.92989996E-02
   16.0000000       50.0000000       4.68939953E-02   6.21979982E-02
   17.0000000       50.0000000       4.49698567E-02   6.86160028E-02
   18.0000000       50.0000000       4.94144261E-02   6.70489967E-02
   19.0000000       50.0000000       5.22252880E-02   6.74630031E-02
   20.0000000       50.0000000       5.06298579E-02   5.95929995E-02
   21.0000000       50.0000000       4.52702865E-02   5.57439998E-02
   22.0000000       50.0000000       3.44392844E-02   4.36590016E-02
   23.0000000       50.0000000       2.51332857E-02   3.88970003E-02
   24.0000000       50.0000000       2.71395724E-02   4.08530012E-02
   25.0000000       50.0000000       8.69785715E-03   2.52860002E-02
   26.0000000       50.0000000       2.77428568E-04   1.94200000E-03
   27.0000000       50.0000000       0.00000000       0.00000000    
   28.0000000       50.0000000       0.00000000       0.00000000    
   29.0000000       50.0000000       0.00000000       0.00000000    
