      xloc      yloc          depth         ave SR         max SR         #     start       end     max SR all       strike 1       strike 2          dip 1          dip 2         rake 1         rake 2
    -50.00    -20.00      25.972710       0.000000       0.000000        13      12.0      13.0       0.332179     180.000000     360.000000      45.000000      45.000000      90.000000      90.000000
    -50.00    -15.00      21.979530       0.000886       0.000886        13      12.0      13.0       0.332179     330.079987     239.750000      88.989998      71.910004      18.090000     178.940002
    -50.00    -10.00      17.986361       0.001015       0.001015        13      12.0      13.0       0.332179     170.259995      77.750000      89.290001      15.750000      74.260002     177.389999
    -50.00     -5.00      13.993180       0.001290       0.001290        13      12.0      13.0       0.332179     291.799988      23.459999      86.760002      62.990002     152.949997       3.640000
    -50.00      0.00      10.000000       0.001377       0.001377        13      12.0      13.0       0.332179      64.699997     320.899994      82.459999      29.040001    -118.120003     -15.690000
    -50.00      5.00       6.006820       0.001550       0.001550        13      12.0      13.0       0.332179      71.750000     278.839996      68.879997      23.450001    -100.440002     -64.860001
    -50.00     10.00       2.013640       0.001197       0.001197        13      12.0      13.0       0.332179      77.690002     270.869995      54.720001      36.000000     -97.699997     -79.269997
    -45.00    -20.00      25.972710       0.037966       0.037966        13      12.0      13.0       0.332179      89.480003     263.140015      38.439999      51.730000      94.980003      86.059998
    -45.00    -15.00      21.979530       0.080351       0.080351        13      12.0      13.0       0.332179     111.169998     229.199997      41.930000      67.110001     144.410004      53.849998
    -45.00    -10.00      17.986361       0.062215       0.062215        13      12.0      13.0       0.332179     183.550003      92.250000      89.750000      10.740000      79.260002     178.679993
    -45.00     -5.00      13.993180       0.038386       0.038386        13      12.0      13.0       0.332179      85.750000     298.690002      47.959999      47.060001    -113.459999     -66.180000
    -45.00      0.00      10.000000       0.067333       0.067333        13      12.0      13.0       0.332179     117.089996     245.889999      69.360001      31.010000     -66.330002    -136.830002
    -45.00      5.00       6.006820       0.065251       0.065251        13      12.0      13.0       0.332179     110.139999     245.380005      57.259998      42.160000     -61.799999    -126.320000
    -45.00     10.00       2.013640       0.064184       0.064184        13      12.0      13.0       0.332179     101.650002     251.470001      54.230000      39.810001     -71.220001    -114.070000
    -40.00    -20.00      25.972710       0.087444       0.087444        13      12.0      13.0       0.332179     104.129997     244.050003      42.340000      55.110001     121.879997      64.300003
    -40.00    -15.00      21.979530       0.107634       0.107634        13      12.0      13.0       0.332179     111.279999     229.669998      36.509998      70.610001     146.089996      58.430000
    -40.00    -10.00      17.986361       0.066837       0.066837        13      12.0      13.0       0.332179     108.070000     206.740005      16.000000      87.519997     170.979996      74.180000
    -40.00     -5.00      13.993180       0.068609       0.068609        13      12.0      13.0       0.332179      88.550003     289.859985      55.880001      36.020000    -102.339996     -72.489998
    -40.00      0.00      10.000000       0.125987       0.125987        13      12.0      13.0       0.332179     104.820000     254.580002      58.700001      35.130001     -73.160004    -115.489998
    -40.00      5.00       6.006820       0.152212       0.152212        13      12.0      13.0       0.332179     102.750000     253.360001      54.320000      39.490002     -71.809998    -113.500000
    -40.00     10.00       2.013640       0.147462       0.147462        13      12.0      13.0       0.332179     102.040001     252.990005      54.259998      39.459999     -72.019997    -113.209999
    -35.00    -20.00      25.972710       0.083694       0.083694        13      12.0      13.0       0.332179     101.129997     243.130005      44.360001      52.380001     119.190002      64.500000
    -35.00    -15.00      21.979530       0.081968       0.081968        13      12.0      13.0       0.332179     107.389999     232.619995      36.730000      66.709999     138.619995      60.759998
    -35.00    -10.00      17.986361       0.049449       0.049449        13      12.0      13.0       0.332179     235.869995     340.309998      87.559998       9.710000      99.400002      14.640000
    -35.00     -5.00      13.993180       0.097655       0.097655        13      12.0      13.0       0.332179      93.730003     281.980011      56.389999      33.880001     -94.589996     -83.139999
    -35.00      0.00      10.000000       0.169308       0.169308        13      12.0      13.0       0.332179     100.019997     261.100006      55.240002      36.270000     -78.949997    -105.440002
    -35.00      5.00       6.006820       0.200118       0.200118        13      12.0      13.0       0.332179     100.680000     256.859985      53.810001      38.650002     -75.389999    -109.029999
    -35.00     10.00       2.013640       0.208258       0.208258        13      12.0      13.0       0.332179     101.809998     254.419998      54.189999      39.090000     -73.139999    -111.910004
    -30.00    -20.00      25.972710       0.055968       0.055968        13      12.0      13.0       0.332179     101.980003     232.919998      52.840000      49.160000     124.849998      52.980000
    -30.00    -15.00      21.979530       0.050274       0.050274        13      12.0      13.0       0.332179     100.820000     228.300003      36.290001      65.919998     136.429993      61.990002
    -30.00    -10.00      17.986361       0.050889       0.050889        13      12.0      13.0       0.332179      89.739998     331.880005      73.040001      33.130001    -118.889999     -32.259998
    -30.00     -5.00      13.993180       0.122005       0.122005        13      12.0      13.0       0.332179     102.389999     270.769989      56.040001      34.509998     -83.449997     -99.610001
    -30.00      0.00      10.000000       0.196741       0.196741        13      12.0      13.0       0.332179     101.889999     260.640015      54.509998      37.410000     -77.279999    -107.169998
    -30.00      5.00       6.006820       0.231898       0.231898        13      12.0      13.0       0.332179     100.720001     258.260010      53.970001      38.200001     -76.330002    -108.000000
    -30.00     10.00       2.013640       0.242303       0.242303        13      12.0      13.0       0.332179     101.570000     255.570007      54.220001      38.730000     -74.089996    -110.830002
    -25.00    -20.00      25.972710       0.041283       0.041283        13      12.0      13.0       0.332179     104.120003     216.970001      65.120003      50.060001     134.960007      33.279999
    -25.00    -15.00      21.979530       0.032777       0.032777        13      12.0      13.0       0.332179     103.769997      13.340000      88.720001      71.339996    -161.339996      -1.350000
    -25.00    -10.00      17.986361       0.059168       0.059168        13      12.0      13.0       0.332179     111.309998     294.549988      66.040001      23.990000     -91.320000     -87.040001
    -25.00     -5.00      13.993180       0.132324       0.132324        13      12.0      13.0       0.332179     103.820000     267.519989      57.049999      34.029999     -80.959999    -103.629997
    -25.00      0.00      10.000000       0.201592       0.201592        13      12.0      13.0       0.332179     102.980003     260.209991      54.980000      37.230000     -76.459999    -108.470001
    -25.00      5.00       6.006820       0.234981       0.234981        13      12.0      13.0       0.332179     100.029999     259.559998      53.959999      37.830002     -77.610001    -106.430000
    -25.00     10.00       2.013640       0.246854       0.246854        13      12.0      13.0       0.332179     101.120003     256.540009      54.470001      38.139999     -75.110001    -109.790001
    -20.00    -20.00      25.972710       0.028448       0.028448        13      12.0      13.0       0.332179     101.650002     202.320007      77.489998      50.150002     138.979996      16.379999
    -20.00    -15.00      21.979530       0.026783       0.026783        13      12.0      13.0       0.332179     271.230011       3.380000      79.580002      78.449997     168.250000      10.640000
    -20.00    -10.00      17.986361       0.051268       0.051268        13      12.0      13.0       0.332179     106.389999     297.250000      65.849998      24.540001     -94.489998     -80.099998
    -20.00     -5.00      13.993180       0.117773       0.117773        13      12.0      13.0       0.332179     102.220001     268.230011      58.230000      32.549999     -82.519997    -101.860001
    -20.00      0.00      10.000000       0.181567       0.181567        13      12.0      13.0       0.332179     103.449997     260.970001      56.110001      36.009998     -77.010002    -108.500000
    -20.00      5.00       6.006820       0.207985       0.207985        13      12.0      13.0       0.332179     100.500000     258.890015      54.830002      37.160000     -77.150002    -107.519997
    -20.00     10.00       2.013640       0.221970       0.221970        13      12.0      13.0       0.332179     100.949997     256.700012      55.320000      37.200001     -75.620003    -109.739998
    -15.00    -20.00      25.972710       0.019923       0.019923        13      12.0      13.0       0.332179      97.050003     189.729996      87.580002      42.160000     132.100006       3.600000
    -15.00    -15.00      21.979530       0.023069       0.023069        13      12.0      13.0       0.332179     174.070007     267.829987      77.169998      73.919998     -16.500000    -166.639999
    -15.00    -10.00      17.986361       0.037554       0.037554        13      12.0      13.0       0.332179      90.540001     323.640015      71.980003      28.450001    -112.389999     -40.490002
    -15.00     -5.00      13.993180       0.073690       0.073690        13      12.0      13.0       0.332179      99.699997     273.929993      60.680000      29.450001     -87.169998     -95.029999
    -15.00      0.00      10.000000       0.124015       0.124015        13      12.0      13.0       0.332179     102.459999     264.570007      56.590000      34.730000     -79.919998    -104.860001
    -15.00      5.00       6.006820       0.158150       0.158150        13      12.0      13.0       0.332179     101.980003     256.549988      56.759998      35.959999     -75.389999    -111.050003
    -15.00     10.00       2.013640       0.173079       0.173079        13      12.0      13.0       0.332179     101.489998     255.520004      57.090000      35.750000     -75.180000    -111.570000
    -10.00    -20.00      25.972710       0.015821       0.015821        13      12.0      13.0       0.332179      96.629997     312.339996      30.320000      64.599998    -121.820000     -72.860001
    -10.00    -15.00      21.979530       0.022346       0.022346        13      12.0      13.0       0.332179      92.820000     333.070007      55.669998      54.000000    -134.610001     -44.200001
    -10.00    -10.00      17.986361       0.025374       0.025374        13      12.0      13.0       0.332179     104.989998     299.390015      68.949997      21.670000     -95.269997     -76.580002
    -10.00     -5.00      13.993180       0.029489       0.029489        13      12.0      13.0       0.332179     101.660004     289.920013      69.510002      20.690001     -92.910004     -82.269997
    -10.00      0.00      10.000000       0.049997       0.049997        13      12.0      13.0       0.332179      96.629997     287.200012      60.130001      30.299999     -95.309998     -80.849998
    -10.00      5.00       6.006820       0.097736       0.097736        13      12.0      13.0       0.332179     107.209999     250.470001      63.529999      31.850000     -71.589996    -122.379997
    -10.00     10.00       2.013640       0.114674       0.114674        13      12.0      13.0       0.332179     102.839996     252.300003      60.790001      32.990002     -73.940002    -116.320000
     -5.00    -20.00      25.972710       0.014430       0.014430        13      12.0      13.0       0.332179      95.529999     288.140015      36.139999      54.529999    -100.239998     -82.610001
     -5.00    -15.00      21.979530       0.021481       0.021481        13      12.0      13.0       0.332179     110.919998     309.170013      60.860001      30.420000     -99.120003     -74.129997
     -5.00    -10.00      17.986361       0.035961       0.035961        13      12.0      13.0       0.332179     115.849998     249.289993      71.870003      25.459999     -71.809998    -133.630005
     -5.00     -5.00      13.993180       0.025535       0.025535        13      12.0      13.0       0.332179     109.940002     259.739990      64.059998      29.370001     -75.720001    -116.900002
     -5.00      0.00      10.000000       0.018882       0.018882        13      12.0      13.0       0.332179     110.949997     270.549988      67.580002      23.760000     -81.930000    -108.800003
     -5.00      5.00       6.006820       0.017394       0.017394        13      12.0      13.0       0.332179      90.449997     278.670013      72.959999      17.209999     -92.419998     -82.150002
     -5.00     10.00       2.013640       0.059601       0.059601        13      12.0      13.0       0.332179      97.290001     253.440002      62.860001      29.270000     -78.599998    -111.089996
      0.00    -20.00      25.972710       0.010012       0.010012        13      12.0      13.0       0.332179      98.010002     281.899994      40.820000      49.240002     -92.949997     -87.459999
      0.00    -15.00      21.979530       0.020839       0.020839        13      12.0      13.0       0.332179     133.570007     358.829987      81.059998      12.590000     -98.910004     -45.439999
      0.00    -10.00      17.986361       0.027797       0.027797        13      12.0      13.0       0.332179      54.369999     321.239990       6.180000      89.660004       3.150000      96.169998
      0.00     -5.00      13.993180       0.018115       0.018115        13      12.0      13.0       0.332179     107.339996     235.259995      66.040001      35.869999     -62.470001    -136.130005
      0.00      0.00      10.000000       0.022293       0.022293        13      12.0      13.0       0.332179     123.580002     265.489990      69.809998      25.049999     -74.860001    -125.379997
      0.00      5.00       6.006820       0.014857       0.014857        13      12.0      13.0       0.332179      68.989998     235.210007      72.440002      18.049999     -85.769997    -103.129997
      0.00     10.00       2.013640       0.046387       0.046387        13      12.0      13.0       0.332179      86.589996     248.820007      61.820000      29.360001     -81.400002    -105.599998
      5.00    -20.00      25.972710       0.011113       0.011113        13      12.0      13.0       0.332179      87.309998     317.440002      73.430000      24.900000    -108.849998     -42.639999
      5.00    -15.00      21.979530       0.029075       0.029075        13      12.0      13.0       0.332179      55.279999     308.059998      30.700001      80.029999      19.820000     119.190002
      5.00    -10.00      17.986361       0.032585       0.032585        13      12.0      13.0       0.332179      61.349998     306.160004      34.599998      73.639999      29.740000     120.919998
      5.00     -5.00      13.993180       0.013031       0.013031        13      12.0      13.0       0.332179     100.300003     219.690002      71.680000      34.009998     -60.830002    -145.809998
      5.00      0.00      10.000000       0.019797       0.019797        13      12.0      13.0       0.332179     118.370003     263.839996      65.680000      28.740000     -74.180000    -121.099998
      5.00      5.00       6.006820       0.019198       0.019198        13      12.0      13.0       0.332179      54.009998     263.649994      59.610001      34.009998    -106.059998     -64.750000
      5.00     10.00       2.013640       0.049404       0.049404        13      12.0      13.0       0.332179      73.650002     257.540009      54.180000      35.880001     -92.279999     -86.849998
     10.00    -20.00      25.972710       0.018274       0.018274        13      12.0      13.0       0.332179     331.230011     233.889999      86.440002      25.969999      64.250000     171.850006
     10.00    -15.00      21.979530       0.034641       0.034641        13      12.0      13.0       0.332179     113.800003     339.170013       8.100000      84.290001      44.919998      95.750000
     10.00    -10.00      17.986361       0.037894       0.037894        13      12.0      13.0       0.332179      95.599998     333.470001      11.210000      83.980003      32.630001      99.480003
     10.00     -5.00      13.993180       0.026470       0.026470        13      12.0      13.0       0.332179     118.779999     243.729996      68.849998      34.029999     -62.689999    -139.860001
     10.00      0.00      10.000000       0.056378       0.056378        13      12.0      13.0       0.332179      95.550003     259.070007      49.060001      42.130001     -79.029999    -102.370003
     10.00      5.00       6.006820       0.064901       0.064901        13      12.0      13.0       0.332179      63.250000     282.049988      38.810001      57.919998    -122.070000     -66.870003
     10.00     10.00       2.013640       0.078554       0.078554        13      12.0      13.0       0.332179      66.760002     272.000000      46.060001      46.820000    -108.120003     -72.120003
     15.00    -20.00      25.972710       0.023974       0.023974        13      12.0      13.0       0.332179     226.479996     351.429993      26.459999      74.089996     142.020004      68.580002
     15.00    -15.00      21.979530       0.031740       0.031740        13      12.0      13.0       0.332179     184.250000     347.429993      11.430000      79.050003     106.500000      86.709999
     15.00    -10.00      17.986361       0.027329       0.027329        13      12.0      13.0       0.332179     153.820007     332.019989      10.550000      79.459999      91.769997      89.669998
     15.00     -5.00      13.993180       0.040022       0.040022        13      12.0      13.0       0.332179     102.260002     256.529999      55.410000      37.439999     -74.699997    -110.940002
     15.00      0.00      10.000000       0.082422       0.082422        13      12.0      13.0       0.332179      85.690002     266.089996      47.259998      42.740002     -90.269997     -89.699997
     15.00      5.00       6.006820       0.104936       0.104936        13      12.0      13.0       0.332179      73.239998     271.079987      42.090000      49.310001    -103.440002     -78.150002
     15.00     10.00       2.013640       0.118119       0.118119        13      12.0      13.0       0.332179      70.870003     272.290009      45.240002      46.810001    -105.440002     -74.970001
     20.00    -20.00      25.972710       0.025552       0.025552        13      12.0      13.0       0.332179     228.809998      17.459999      28.389999      65.220001     118.190002      75.680000
     20.00    -15.00      21.979530       0.029042       0.029042        13      12.0      13.0       0.332179     203.270004     357.640015      17.980000      73.690002     114.529999      82.320000
     20.00    -10.00      17.986361       0.017345       0.017345        13      12.0      13.0       0.332179     336.570007     235.720001      81.339996      39.009998      51.810001     166.149994
     20.00     -5.00      13.993180       0.053516       0.053516        13      12.0      13.0       0.332179      83.800003     278.730011      48.810001      42.169998     -99.959999     -78.820000
     20.00      0.00      10.000000       0.102467       0.102467        13      12.0      13.0       0.332179      82.800003     270.529999      46.560001      43.700001     -95.330002     -84.389999
     20.00      5.00       6.006820       0.133232       0.133232        13      12.0      13.0       0.332179      78.360001     268.450012      42.919998      47.529999     -97.419998     -83.150002
     20.00     10.00       2.013640       0.145073       0.145073        13      12.0      13.0       0.332179      73.559998     273.309998      44.540001      47.200001    -104.360001     -76.290001
     25.00    -20.00      25.972710       0.030806       0.030806        13      12.0      13.0       0.332179      75.720001     223.419998      58.480000      35.959999     108.290001      62.900002
     25.00    -15.00      21.979530       0.035103       0.035103        13      12.0      13.0       0.332179     215.029999      57.240002      26.389999      65.330002      69.910004      99.669998
     25.00    -10.00      17.986361       0.023658       0.023658        13      12.0      13.0       0.332179     143.199997      50.990002      82.599998      73.470001      16.680000     172.279999
     25.00     -5.00      13.993180       0.057646       0.057646        13      12.0      13.0       0.332179      78.790001     285.640015      43.770000      49.480000    -110.080002     -71.790001
     25.00      0.00      10.000000       0.113840       0.113840        13      12.0      13.0       0.332179      79.839996     275.720001      44.560001      46.549999    -101.459999     -78.930000
     25.00      5.00       6.006820       0.143215       0.143215        13      12.0      13.0       0.332179      79.629997     271.109985      43.360001      47.220001     -98.400002     -82.139999
     25.00     10.00       2.013640       0.152856       0.152856        13      12.0      13.0       0.332179      76.449997     274.260010      43.840000      47.570000    -103.040001     -77.769997
     30.00    -20.00      25.972710       0.042919       0.042919        13      12.0      13.0       0.332179      90.190002     226.410004      63.689999      34.400002     113.010002      51.660000
     30.00    -15.00      21.979530       0.040306       0.040306        13      12.0      13.0       0.332179     210.300003      67.550003      30.840000      64.589996      56.849998     108.080002
     30.00    -10.00      17.986361       0.028201       0.028201        13      12.0      13.0       0.332179     145.139999      53.200001      83.379997      73.709999      16.400000     173.110001
     30.00     -5.00      13.993180       0.059701       0.059701        13      12.0      13.0       0.332179      88.360001     279.869995      40.290001      50.279999     -98.820000     -82.589996
     30.00      0.00      10.000000       0.106642       0.106642        13      12.0      13.0       0.332179      83.540001     276.170013      43.349998      47.349998     -99.250000     -81.370003
     30.00      5.00       6.006820       0.141488       0.141488        13      12.0      13.0       0.332179      82.430000     273.160004      44.189999      46.320000     -97.739998     -82.540001
     30.00     10.00       2.013640       0.144280       0.144280        13      12.0      13.0       0.332179      81.690002     273.359985      43.509998      47.090000     -98.529999     -81.989998
     35.00    -20.00      25.972710       0.035777       0.035777        13      12.0      13.0       0.332179      80.580002     231.100006      60.259998      33.270000     105.669998      64.699997
     35.00    -15.00      21.979530       0.039625       0.039625        13      12.0      13.0       0.332179     212.490005      63.820000      23.730000      69.419998      60.860001     102.080002
     35.00    -10.00      17.986361       0.026863       0.026863        13      12.0      13.0       0.332179     147.350006     244.399994      61.009998      77.519997     -14.310000    -150.240005
     35.00     -5.00      13.993180       0.060159       0.060159        13      12.0      13.0       0.332179     111.680000     262.700012      45.930000      47.900002     -68.930000    -110.370003
     35.00      0.00      10.000000       0.089432       0.089432        13      12.0      13.0       0.332179      92.430000     273.209991      44.680000      45.320000     -90.559998     -89.449997
     35.00      5.00       6.006820       0.122379       0.122379        13      12.0      13.0       0.332179      86.849998     273.940002      44.369999      45.849998     -95.080002     -85.050003
     35.00     10.00       2.013640       0.122358       0.122358        13      12.0      13.0       0.332179      89.639999     269.820007      44.169998      45.830002     -90.129997     -89.879997
     40.00    -20.00      25.972710       0.022106       0.022106        13      12.0      13.0       0.332179      37.520000     259.250000      63.240002      34.049999      68.120003     126.470001
     40.00    -15.00      21.979530       0.030387       0.030387        13      12.0      13.0       0.332179      22.889999     249.309998      80.029999      14.310000      79.690002     135.509995
     40.00    -10.00      17.986361       0.021297       0.021297        13      12.0      13.0       0.332179     163.220001     270.029999      73.720001      45.270000     -47.150002    -156.770004
     40.00     -5.00      13.993180       0.050234       0.050234        13      12.0      13.0       0.332179     116.830002     272.579987      51.000000      41.610001     -74.180000    -108.610001
     40.00      0.00      10.000000       0.074479       0.074479        13      12.0      13.0       0.332179     112.010002     266.890015      50.320000      42.490002     -73.339996    -109.070000
     40.00      5.00       6.006820       0.090311       0.090311        13      12.0      13.0       0.332179      96.669998     271.480011      45.119999      44.990002     -86.339996     -93.669998
     40.00     10.00       2.013640       0.088391       0.088391        13      12.0      13.0       0.332179      99.660004     265.480011      46.459999      44.419998     -80.129997    -100.230003
     45.00    -20.00      25.972710       0.032220       0.032220        13      12.0      13.0       0.332179     300.209991      35.919998      85.070000      40.950001     130.699997       7.540000
     45.00    -15.00      21.979530       0.037075       0.037075        13      12.0      13.0       0.332179     139.210007      43.270000      87.320000      24.330000    -114.190002      -6.510000
     45.00    -10.00      17.986361       0.024346       0.024346        13      12.0      13.0       0.332179     118.010002      13.420000      71.610001      52.849998    -140.479996     -23.309999
     45.00     -5.00      13.993180       0.032956       0.032956        13      12.0      13.0       0.332179     110.019997     320.769989      49.419998      44.900002    -111.150002     -67.150002
     45.00      0.00      10.000000       0.040985       0.040985        13      12.0      13.0       0.332179     130.759995     272.299988      54.779999      42.029999     -65.400002    -120.529999
     45.00      5.00       6.006820       0.041732       0.041732        13      12.0      13.0       0.332179     121.559998     267.019989      44.770000      50.750000     -63.959999    -113.529999
     45.00     10.00       2.013640       0.042104       0.042104        13      12.0      13.0       0.332179     113.709999     265.049988      49.590000      44.139999     -70.489998    -111.419998
     50.00    -20.00      25.972710       0.000000       0.000000        13      12.0      13.0       0.332179     180.000000     360.000000      45.000000      45.000000      90.000000      90.000000
     50.00    -15.00      21.979530       0.001145       0.001145        13      12.0      13.0       0.332179      52.860001     154.839996      88.050003       9.330000      99.120003      12.140000
     50.00    -10.00      17.986361       0.001617       0.001617        13      12.0      13.0       0.332179     140.610001     265.579987      77.660004      20.900000     -73.010002    -143.179993
     50.00     -5.00      13.993180       0.001860       0.001860        13      12.0      13.0       0.332179     289.089996     165.690002      12.430000      83.080002    -145.970001     -79.650002
     50.00      0.00      10.000000       0.001314       0.001314        13      12.0      13.0       0.332179      58.790001     155.529999      12.980000      88.449997      -6.920000    -102.889999
     50.00      5.00       6.006820       0.001667       0.001667        13      12.0      13.0       0.332179     108.489998     354.690002      84.370003      13.740000    -102.550003     -24.420000
     50.00     10.00       2.013640       0.001102       0.001102        13      12.0      13.0       0.332179     117.610001     276.329987      65.120003      26.450001     -80.699997    -109.220001
