      xloc      yloc          depth         ave SR         max SR         #     start       end     max SR all       strike 1       strike 2          dip 1          dip 2         rake 1         rake 2
    -50.00    -20.00      25.972710       0.032113       0.032113        18      17.0      18.0       0.332179     129.070007     351.779999      12.740000      80.570000      47.990002      98.610001
    -50.00    -15.00      21.979530       0.023135       0.023135        18      17.0      18.0       0.332179     207.229996      44.110001      24.190001      66.739998      74.529999      96.830002
    -50.00    -10.00      17.986361       0.027174       0.027174        18      17.0      18.0       0.332179     183.369995      55.450001      60.630001      42.480000      57.810001     133.429993
    -50.00     -5.00      13.993180       0.038421       0.038421        18      17.0      18.0       0.332179     189.740005      57.529999      78.480003      16.879999      77.580002     136.539993
    -50.00      0.00      10.000000       0.033997       0.033997        18      17.0      18.0       0.332179     318.410004      63.080002      66.820000      59.410000     -33.619999    -152.789993
    -50.00      5.00       6.006820       0.047409       0.047409        18      17.0      18.0       0.332179      58.320000     301.429993      59.040001      52.990002    -135.410004     -40.110001
    -50.00     10.00       2.013640       0.061348       0.061348        18      17.0      18.0       0.332179      64.529999     296.100006      57.209999      46.020000    -124.320000     -48.810001
    -45.00    -20.00      25.972710       0.047966       0.047966        18      17.0      18.0       0.332179     156.669998     341.720001      15.590000      74.470001      85.129997      91.360001
    -45.00    -15.00      21.979530       0.036148       0.036148        18      17.0      18.0       0.332179     200.759995      22.730000      33.500000      56.509998      88.360001      91.089996
    -45.00    -10.00      17.986361       0.038068       0.038068        18      17.0      18.0       0.332179     184.630005      45.080002      61.400002      35.619999      67.800003     124.730003
    -45.00     -5.00      13.993180       0.048117       0.048117        18      17.0      18.0       0.332179     320.209991      58.400002      52.970001      79.309998     -13.430000    -142.210007
    -45.00      0.00      10.000000       0.069704       0.069704        18      17.0      18.0       0.332179      62.279999     311.829987      56.849998      61.860001    -145.710007     -38.330002
    -45.00      5.00       6.006820       0.090964       0.090964        18      17.0      18.0       0.332179      60.930000     300.920013      55.340000      54.119999    -134.559998     -44.580002
    -45.00     10.00       2.013640       0.110226       0.110226        18      17.0      18.0       0.332179      66.410004     294.600006      55.389999      46.000000    -122.430000     -52.160000
    -40.00    -20.00      25.972710       0.058066       0.058066        18      17.0      18.0       0.332179     172.270004     340.040009      17.580000      72.790001     101.669998      86.330002
    -40.00    -15.00      21.979530       0.050872       0.050872        18      17.0      18.0       0.332179     207.210007       2.360000      33.910000      58.619999     111.029999      76.440002
    -40.00    -10.00      17.986361       0.037822       0.037822        18      17.0      18.0       0.332179     220.979996     352.250000      59.099998      42.220001     120.339996      49.840000
    -40.00     -5.00      13.993180       0.056236       0.056236        18      17.0      18.0       0.332179     319.109985      58.849998      58.310001      74.669998     -18.100000    -146.990005
    -40.00      0.00      10.000000       0.091398       0.091398        18      17.0      18.0       0.332179      61.220001     307.970001      56.049999      59.619999    -142.429993     -40.349998
    -40.00      5.00       6.006820       0.120863       0.120863        18      17.0      18.0       0.332179      62.759998     299.109985      52.759998      53.910000    -132.270004     -48.500000
    -40.00     10.00       2.013640       0.135266       0.135266        18      17.0      18.0       0.332179      68.790001     291.779999      53.340000      45.500000    -119.099998     -56.840000
    -35.00    -20.00      25.972710       0.058776       0.058776        18      17.0      18.0       0.332179     175.360001     338.390015      20.230000      70.589996     105.980003      84.209999
    -35.00    -15.00      21.979530       0.061913       0.061913        18      17.0      18.0       0.332179     188.320007     337.480011      29.440001      64.150002     117.480003      75.400002
    -35.00    -10.00      17.986361       0.038795       0.038795        18      17.0      18.0       0.332179     228.649994     351.390015      54.689999      52.639999     131.949997      46.660000
    -35.00     -5.00      13.993180       0.048239       0.048239        18      17.0      18.0       0.332179     318.459991      56.459999      62.150002      75.239998     -16.740000    -151.110001
    -35.00      0.00      10.000000       0.093428       0.093428        18      17.0      18.0       0.332179      61.119999     304.040009      54.529999      57.419998    -138.610001     -43.520000
    -35.00      5.00       6.006820       0.125309       0.125309        18      17.0      18.0       0.332179      64.190002     296.109985      51.250000      52.450001    -128.610001     -52.130001
    -35.00     10.00       2.013640       0.132696       0.132696        18      17.0      18.0       0.332179      72.230003     287.179993      51.430000      44.220001    -113.550003     -63.389999
    -30.00    -20.00      25.972710       0.048315       0.048315        18      17.0      18.0       0.332179     187.210007     336.549988      21.790001      71.029999     118.830002      79.089996
    -30.00    -15.00      21.979530       0.066924       0.066924        18      17.0      18.0       0.332179     149.220001     312.600006      18.740000      71.989998     105.779999      84.730003
    -30.00    -10.00      17.986361       0.032859       0.032859        18      17.0      18.0       0.332179     231.039993     358.130005      48.599998      55.630001     131.179993      53.240002
    -30.00     -5.00      13.993180       0.032132       0.032132        18      17.0      18.0       0.332179     320.100006      51.500000      58.509998      87.709999      -2.680000    -148.490005
    -30.00      0.00      10.000000       0.074707       0.074707        18      17.0      18.0       0.332179      62.320000     298.089996      53.310001      52.950001    -131.289993     -48.470001
    -30.00      5.00       6.006820       0.093070       0.093070        18      17.0      18.0       0.332179      68.589996     289.279999      47.150002      50.730000    -120.320000     -61.439999
    -30.00     10.00       2.013640       0.099097       0.099097        18      17.0      18.0       0.332179      78.410004     278.559998      49.119999      42.680000    -103.510002     -74.900002
    -25.00    -20.00      25.972710       0.026750       0.026750        18      17.0      18.0       0.332179     218.610001     358.839996      33.290001      63.220001     124.820000      69.440002
    -25.00    -15.00      21.979530       0.046222       0.046222        18      17.0      18.0       0.332179      89.309998     289.619995      18.309999      72.760002      70.639999      96.260002
    -25.00    -10.00      17.986361       0.017989       0.017989        18      17.0      18.0       0.332179      81.019997     260.119995      39.799999      50.200001      90.680000      89.430000
    -25.00     -5.00      13.993180       0.019022       0.019022        18      17.0      18.0       0.332179     117.169998     221.000000      83.430000      25.719999     -65.070000    -164.720001
    -25.00      0.00      10.000000       0.046448       0.046448        18      17.0      18.0       0.332179      90.050003     264.799988      50.740002      39.380001     -86.669998     -94.059998
    -25.00      5.00       6.006820       0.037839       0.037839        18      17.0      18.0       0.332179      86.919998     267.269989      40.320000      49.680000     -90.269997     -89.769997
    -25.00     10.00       2.013640       0.041981       0.041981        18      17.0      18.0       0.332179      87.559998     265.140015      47.459999      42.570000     -88.370003     -91.779999
    -20.00    -20.00      25.972710       0.017681       0.017681        18      17.0      18.0       0.332179     174.729996      58.919998      75.199997      31.250000      62.150002     150.509995
    -20.00    -15.00      21.979530       0.003038       0.003038        18      17.0      18.0       0.332179     203.970001      42.080002      51.110001      40.320000      78.389999     104.010002
    -20.00    -10.00      17.986361       0.000000       0.000000        18      17.0      18.0       0.332179     180.000000     360.000000      45.000000      45.000000      90.000000      90.000000
    -20.00     -5.00      13.993180       0.000000       0.000000        18      17.0      18.0       0.332179     180.000000     360.000000      45.000000      45.000000      90.000000      90.000000
    -20.00      0.00      10.000000       0.000000       0.000000        18      17.0      18.0       0.332179     180.000000     360.000000      45.000000      45.000000      90.000000      90.000000
    -20.00      5.00       6.006820       0.000000       0.000000        18      17.0      18.0       0.332179     180.000000     360.000000      45.000000      45.000000      90.000000      90.000000
    -20.00     10.00       2.013640       0.000000       0.000000        18      17.0      18.0       0.332179     180.000000     360.000000      45.000000      45.000000      90.000000      90.000000
    -15.00    -20.00      25.972710       0.005906       0.005906        18      17.0      18.0       0.332179      96.309998     304.420013      71.690002      20.570000     -99.529999     -63.430000
    -15.00    -15.00      21.979530       0.000000       0.000000        18      17.0      18.0       0.332179     180.000000     360.000000      45.000000      45.000000      90.000000      90.000000
    -15.00    -10.00      17.986361       0.000000       0.000000        18      17.0      18.0       0.332179     180.000000     360.000000      45.000000      45.000000      90.000000      90.000000
    -15.00     -5.00      13.993180       0.000000       0.000000        18      17.0      18.0       0.332179     180.000000     360.000000      45.000000      45.000000      90.000000      90.000000
    -15.00      0.00      10.000000       0.000000       0.000000        18      17.0      18.0       0.332179     180.000000     360.000000      45.000000      45.000000      90.000000      90.000000
    -15.00      5.00       6.006820       0.000000       0.000000        18      17.0      18.0       0.332179     180.000000     360.000000      45.000000      45.000000      90.000000      90.000000
    -15.00     10.00       2.013640       0.000000       0.000000        18      17.0      18.0       0.332179     180.000000     360.000000      45.000000      45.000000      90.000000      90.000000
    -10.00    -20.00      25.972710       0.000000       0.000000        18      17.0      18.0       0.332179     180.000000     360.000000      45.000000      45.000000      90.000000      90.000000
    -10.00    -15.00      21.979530       0.000000       0.000000        18      17.0      18.0       0.332179     180.000000     360.000000      45.000000      45.000000      90.000000      90.000000
    -10.00    -10.00      17.986361       0.000000       0.000000        18      17.0      18.0       0.332179     180.000000     360.000000      45.000000      45.000000      90.000000      90.000000
    -10.00     -5.00      13.993180       0.000000       0.000000        18      17.0      18.0       0.332179     180.000000     360.000000      45.000000      45.000000      90.000000      90.000000
    -10.00      0.00      10.000000       0.000000       0.000000        18      17.0      18.0       0.332179     180.000000     360.000000      45.000000      45.000000      90.000000      90.000000
    -10.00      5.00       6.006820       0.000000       0.000000        18      17.0      18.0       0.332179     180.000000     360.000000      45.000000      45.000000      90.000000      90.000000
    -10.00     10.00       2.013640       0.000000       0.000000        18      17.0      18.0       0.332179     180.000000     360.000000      45.000000      45.000000      90.000000      90.000000
     -5.00    -20.00      25.972710       0.000000       0.000000        18      17.0      18.0       0.332179     180.000000     360.000000      45.000000      45.000000      90.000000      90.000000
     -5.00    -15.00      21.979530       0.000000       0.000000        18      17.0      18.0       0.332179     180.000000     360.000000      45.000000      45.000000      90.000000      90.000000
     -5.00    -10.00      17.986361       0.000000       0.000000        18      17.0      18.0       0.332179     180.000000     360.000000      45.000000      45.000000      90.000000      90.000000
     -5.00     -5.00      13.993180       0.000000       0.000000        18      17.0      18.0       0.332179     180.000000     360.000000      45.000000      45.000000      90.000000      90.000000
     -5.00      0.00      10.000000       0.000000       0.000000        18      17.0      18.0       0.332179     180.000000     360.000000      45.000000      45.000000      90.000000      90.000000
     -5.00      5.00       6.006820       0.000000       0.000000        18      17.0      18.0       0.332179     180.000000     360.000000      45.000000      45.000000      90.000000      90.000000
     -5.00     10.00       2.013640       0.000000       0.000000        18      17.0      18.0       0.332179     180.000000     360.000000      45.000000      45.000000      90.000000      90.000000
      0.00    -20.00      25.972710       0.000000       0.000000        18      17.0      18.0       0.332179     180.000000     360.000000      45.000000      45.000000      90.000000      90.000000
      0.00    -15.00      21.979530       0.000000       0.000000        18      17.0      18.0       0.332179     180.000000     360.000000      45.000000      45.000000      90.000000      90.000000
      0.00    -10.00      17.986361       0.000000       0.000000        18      17.0      18.0       0.332179     180.000000     360.000000      45.000000      45.000000      90.000000      90.000000
      0.00     -5.00      13.993180       0.000000       0.000000        18      17.0      18.0       0.332179     180.000000     360.000000      45.000000      45.000000      90.000000      90.000000
      0.00      0.00      10.000000       0.000000       0.000000        18      17.0      18.0       0.332179     180.000000     360.000000      45.000000      45.000000      90.000000      90.000000
      0.00      5.00       6.006820       0.000000       0.000000        18      17.0      18.0       0.332179     180.000000     360.000000      45.000000      45.000000      90.000000      90.000000
      0.00     10.00       2.013640       0.000000       0.000000        18      17.0      18.0       0.332179     180.000000     360.000000      45.000000      45.000000      90.000000      90.000000
      5.00    -20.00      25.972710       0.000000       0.000000        18      17.0      18.0       0.332179     180.000000     360.000000      45.000000      45.000000      90.000000      90.000000
      5.00    -15.00      21.979530       0.000000       0.000000        18      17.0      18.0       0.332179     180.000000     360.000000      45.000000      45.000000      90.000000      90.000000
      5.00    -10.00      17.986361       0.000000       0.000000        18      17.0      18.0       0.332179     180.000000     360.000000      45.000000      45.000000      90.000000      90.000000
      5.00     -5.00      13.993180       0.000000       0.000000        18      17.0      18.0       0.332179     180.000000     360.000000      45.000000      45.000000      90.000000      90.000000
      5.00      0.00      10.000000       0.000000       0.000000        18      17.0      18.0       0.332179     180.000000     360.000000      45.000000      45.000000      90.000000      90.000000
      5.00      5.00       6.006820       0.000000       0.000000        18      17.0      18.0       0.332179     180.000000     360.000000      45.000000      45.000000      90.000000      90.000000
      5.00     10.00       2.013640       0.000000       0.000000        18      17.0      18.0       0.332179     180.000000     360.000000      45.000000      45.000000      90.000000      90.000000
     10.00    -20.00      25.972710       0.000000       0.000000        18      17.0      18.0       0.332179     180.000000     360.000000      45.000000      45.000000      90.000000      90.000000
     10.00    -15.00      21.979530       0.000000       0.000000        18      17.0      18.0       0.332179     180.000000     360.000000      45.000000      45.000000      90.000000      90.000000
     10.00    -10.00      17.986361       0.000000       0.000000        18      17.0      18.0       0.332179     180.000000     360.000000      45.000000      45.000000      90.000000      90.000000
     10.00     -5.00      13.993180       0.000000       0.000000        18      17.0      18.0       0.332179     180.000000     360.000000      45.000000      45.000000      90.000000      90.000000
     10.00      0.00      10.000000       0.000000       0.000000        18      17.0      18.0       0.332179     180.000000     360.000000      45.000000      45.000000      90.000000      90.000000
     10.00      5.00       6.006820       0.000000       0.000000        18      17.0      18.0       0.332179     180.000000     360.000000      45.000000      45.000000      90.000000      90.000000
     10.00     10.00       2.013640       0.000000       0.000000        18      17.0      18.0       0.332179     180.000000     360.000000      45.000000      45.000000      90.000000      90.000000
     15.00    -20.00      25.972710       0.004588       0.004588        18      17.0      18.0       0.332179     135.750000     259.589996      84.510002       9.800000      98.120003      34.240002
     15.00    -15.00      21.979530       0.000000       0.000000        18      17.0      18.0       0.332179     180.000000     360.000000      45.000000      45.000000      90.000000      90.000000
     15.00    -10.00      17.986361       0.000000       0.000000        18      17.0      18.0       0.332179     180.000000     360.000000      45.000000      45.000000      90.000000      90.000000
     15.00     -5.00      13.993180       0.000000       0.000000        18      17.0      18.0       0.332179     180.000000     360.000000      45.000000      45.000000      90.000000      90.000000
     15.00      0.00      10.000000       0.000000       0.000000        18      17.0      18.0       0.332179     180.000000     360.000000      45.000000      45.000000      90.000000      90.000000
     15.00      5.00       6.006820       0.000000       0.000000        18      17.0      18.0       0.332179     180.000000     360.000000      45.000000      45.000000      90.000000      90.000000
     15.00     10.00       2.013640       0.000000       0.000000        18      17.0      18.0       0.332179     180.000000     360.000000      45.000000      45.000000      90.000000      90.000000
     20.00    -20.00      25.972710       0.023676       0.023676        18      17.0      18.0       0.332179     105.370003     318.709991      70.070000      23.459999      77.360001     121.110001
     20.00    -15.00      21.979530       0.005356       0.005356        18      17.0      18.0       0.332179      82.519997     273.489990      59.020000      31.450001      84.300003      99.389999
     20.00    -10.00      17.986361       0.000000       0.000000        18      17.0      18.0       0.332179     180.000000     360.000000      45.000000      45.000000      90.000000      90.000000
     20.00     -5.00      13.993180       0.000000       0.000000        18      17.0      18.0       0.332179     180.000000     360.000000      45.000000      45.000000      90.000000      90.000000
     20.00      0.00      10.000000       0.000000       0.000000        18      17.0      18.0       0.332179     180.000000     360.000000      45.000000      45.000000      90.000000      90.000000
     20.00      5.00       6.006820       0.000000       0.000000        18      17.0      18.0       0.332179     180.000000     360.000000      45.000000      45.000000      90.000000      90.000000
     20.00     10.00       2.013640       0.000000       0.000000        18      17.0      18.0       0.332179     180.000000     360.000000      45.000000      45.000000      90.000000      90.000000
     25.00    -20.00      25.972710       0.022506       0.022506        18      17.0      18.0       0.332179     138.899994     262.809998      66.820000      37.509998     120.360001      40.279999
     25.00    -15.00      21.979530       0.023595       0.023595        18      17.0      18.0       0.332179     108.470001     268.359985      52.900002      38.849998     102.459999      74.080002
     25.00    -10.00      17.986361       0.008899       0.008899        18      17.0      18.0       0.332179     212.860001      43.299999      29.570000      60.840000      80.900002      95.129997
     25.00     -5.00      13.993180       0.018077       0.018077        18      17.0      18.0       0.332179     168.720001     265.390015      20.650000      87.489998      -7.120000    -110.510002
     25.00      0.00      10.000000       0.019846       0.019846        18      17.0      18.0       0.332179      78.449997     316.350006      63.689999      42.939999    -125.250000     -40.590000
     25.00      5.00       6.006820       0.041986       0.041986        18      17.0      18.0       0.332179      96.139999     266.660004      24.010000      66.279999     -81.320000     -93.849998
     25.00     10.00       2.013640       0.032999       0.032999        18      17.0      18.0       0.332179      99.379997     266.339996      37.910000      52.810001     -79.639999     -97.970001
     30.00    -20.00      25.972710       0.022530       0.022530        18      17.0      18.0       0.332179     125.980003     266.540009      47.650002      49.730000     119.000000      62.000000
     30.00    -15.00      21.979530       0.030915       0.030915        18      17.0      18.0       0.332179      72.790001     306.790009      52.959999      52.090000      50.330002     130.220001
     30.00    -10.00      17.986361       0.016515       0.016515        18      17.0      18.0       0.332179       2.470000     261.059998      87.610001      11.940000      78.300003     168.350006
     30.00     -5.00      13.993180       0.036658       0.036658        18      17.0      18.0       0.332179     129.729996     244.660004      47.130001      65.580002     -34.340000    -131.660004
     30.00      0.00      10.000000       0.055277       0.055277        18      17.0      18.0       0.332179     113.620003     263.779999      43.730000      50.310001     -67.489998    -110.120003
     30.00      5.00       6.006820       0.072931       0.072931        18      17.0      18.0       0.332179     106.730003     261.029999      40.380001      52.529999     -69.870003    -106.309998
     30.00     10.00       2.013640       0.079477       0.079477        18      17.0      18.0       0.332179     103.000000     264.269989      44.880001      46.680000     -76.489998    -103.089996
     35.00    -20.00      25.972710       0.029752       0.029752        18      17.0      18.0       0.332179      78.989998     311.910004      43.919998      59.860001      46.380001     123.599998
     35.00    -15.00      21.979530       0.032068       0.032068        18      17.0      18.0       0.332179      74.419998     318.029999      41.340000      68.639999      33.470001     126.279999
     35.00    -10.00      17.986361       0.036767       0.036767        18      17.0      18.0       0.332179     172.889999     356.130005      87.989998       2.010000     -90.110001     -86.760002
     35.00     -5.00      13.993180       0.065391       0.065391        18      17.0      18.0       0.332179     125.160004     242.690002      59.880001      51.450001     -46.090000    -140.080002
     35.00      0.00      10.000000       0.094010       0.094010        18      17.0      18.0       0.332179     116.459999     253.479996      48.549999      50.360001     -58.330002    -120.730003
     35.00      5.00       6.006820       0.107152       0.107152        18      17.0      18.0       0.332179     108.809998     257.299988      48.000000      46.560001     -67.699997    -112.849998
     35.00     10.00       2.013640       0.113672       0.113672        18      17.0      18.0       0.332179     107.010002     259.290009      48.250000      45.240002     -70.709999    -110.309998
     40.00    -20.00      25.972710       0.031615       0.031615        18      17.0      18.0       0.332179      98.320000     334.779999      30.350000      72.070000      37.529999     114.910004
     40.00    -15.00      21.979530       0.038353       0.038353        18      17.0      18.0       0.332179     108.190002     345.589996      17.750000      80.220001      33.869999     104.879997
     40.00    -10.00      17.986361       0.045339       0.045339        18      17.0      18.0       0.332179     176.330002      81.720001      89.320000       8.380000     -98.349998      -4.660000
     40.00     -5.00      13.993180       0.081150       0.081150        18      17.0      18.0       0.332179     119.470001     239.279999      60.689999      48.480000     -49.490002    -139.160004
     40.00      0.00      10.000000       0.115908       0.115908        18      17.0      18.0       0.332179     116.339996     248.279999      51.970001      49.490002     -55.560001    -125.860001
     40.00      5.00       6.006820       0.117959       0.117959        18      17.0      18.0       0.332179     111.599998     253.070007      50.730000      46.270000     -63.250000    -118.830002
     40.00     10.00       2.013640       0.124898       0.124898        18      17.0      18.0       0.332179     109.949997     255.100006      50.439999      45.189999     -66.080002    -116.139999
     45.00    -20.00      25.972710       0.028497       0.028497        18      17.0      18.0       0.332179     112.099998     343.899994      20.600000      76.910004      40.060001     106.050003
     45.00    -15.00      21.979530       0.038229       0.038229        18      17.0      18.0       0.332179     120.029999     356.869995      12.620000      83.019997      33.810001     100.540001
     45.00    -10.00      17.986361       0.048005       0.048005        18      17.0      18.0       0.332179     102.750000     210.300003      46.500000      72.370003     -24.680000    -133.759995
     45.00     -5.00      13.993180       0.080108       0.080108        18      17.0      18.0       0.332179     116.220001     236.300003      60.349998      48.639999     -49.500000    -138.759995
     45.00      0.00      10.000000       0.106376       0.106376        18      17.0      18.0       0.332179     115.900002     245.419998      54.509998      48.259998     -54.860001    -128.919998
     45.00      5.00       6.006820       0.101752       0.101752        18      17.0      18.0       0.332179     110.500000     252.160004      51.299999      45.599998     -63.689999    -118.959999
     45.00     10.00       2.013640       0.108579       0.108579        18      17.0      18.0       0.332179     111.019997     252.720001      51.779999      45.099998     -63.959999    -119.139999
     50.00    -20.00      25.972710       0.014723       0.014723        18      17.0      18.0       0.332179     120.599998     345.489990      23.709999      72.720001      47.630001     106.480003
     50.00    -15.00      21.979530       0.022586       0.022586        18      17.0      18.0       0.332179     122.080002       9.340000      21.299999      81.430000      24.219999     109.580002
     50.00    -10.00      17.986361       0.029521       0.029521        18      17.0      18.0       0.332179     108.120003     209.240005      46.810001      78.389999     -16.030001    -135.679993
     50.00     -5.00      13.993180       0.048287       0.048287        18      17.0      18.0       0.332179     114.989998     231.289993      56.669998      56.029999     -41.970001    -138.509995
     50.00      0.00      10.000000       0.065646       0.065646        18      17.0      18.0       0.332179     117.139999     243.039993      58.340000      46.439999     -54.049999    -133.589996
     50.00      5.00       6.006820       0.068616       0.068616        18      17.0      18.0       0.332179     107.099998     254.710007      51.000000      43.799999     -68.239998    -114.599998
     50.00     10.00       2.013640       0.065410       0.065410        18      17.0      18.0       0.332179     111.000000     251.919998      52.230000      44.939999     -63.549999    -119.889999
