      xloc      yloc          depth         ave SR         max SR         #     start       end     max SR all       strike 1       strike 2          dip 1          dip 2         rake 1         rake 2
    -50.00    -20.00      25.972710       0.000000       0.000000        10       9.0      10.0       0.332179     180.000000     360.000000      45.000000      45.000000      90.000000      90.000000
    -50.00    -15.00      21.979530       0.000000       0.000000        10       9.0      10.0       0.332179     180.000000     360.000000      45.000000      45.000000      90.000000      90.000000
    -50.00    -10.00      17.986361       0.000000       0.000000        10       9.0      10.0       0.332179     180.000000     360.000000      45.000000      45.000000      90.000000      90.000000
    -50.00     -5.00      13.993180       0.000000       0.000000        10       9.0      10.0       0.332179     180.000000     360.000000      45.000000      45.000000      90.000000      90.000000
    -50.00      0.00      10.000000       0.000000       0.000000        10       9.0      10.0       0.332179     180.000000     360.000000      45.000000      45.000000      90.000000      90.000000
    -50.00      5.00       6.006820       0.000000       0.000000        10       9.0      10.0       0.332179     180.000000     360.000000      45.000000      45.000000      90.000000      90.000000
    -50.00     10.00       2.013640       0.000000       0.000000        10       9.0      10.0       0.332179     180.000000     360.000000      45.000000      45.000000      90.000000      90.000000
    -45.00    -20.00      25.972710       0.000000       0.000000        10       9.0      10.0       0.332179     180.000000     360.000000      45.000000      45.000000      90.000000      90.000000
    -45.00    -15.00      21.979530       0.000000       0.000000        10       9.0      10.0       0.332179     180.000000     360.000000      45.000000      45.000000      90.000000      90.000000
    -45.00    -10.00      17.986361       0.000000       0.000000        10       9.0      10.0       0.332179     180.000000     360.000000      45.000000      45.000000      90.000000      90.000000
    -45.00     -5.00      13.993180       0.000000       0.000000        10       9.0      10.0       0.332179     180.000000     360.000000      45.000000      45.000000      90.000000      90.000000
    -45.00      0.00      10.000000       0.000000       0.000000        10       9.0      10.0       0.332179     180.000000     360.000000      45.000000      45.000000      90.000000      90.000000
    -45.00      5.00       6.006820       0.000000       0.000000        10       9.0      10.0       0.332179     180.000000     360.000000      45.000000      45.000000      90.000000      90.000000
    -45.00     10.00       2.013640       0.000000       0.000000        10       9.0      10.0       0.332179     180.000000     360.000000      45.000000      45.000000      90.000000      90.000000
    -40.00    -20.00      25.972710       0.000000       0.000000        10       9.0      10.0       0.332179     180.000000     360.000000      45.000000      45.000000      90.000000      90.000000
    -40.00    -15.00      21.979530       0.000000       0.000000        10       9.0      10.0       0.332179     180.000000     360.000000      45.000000      45.000000      90.000000      90.000000
    -40.00    -10.00      17.986361       0.004777       0.004777        10       9.0      10.0       0.332179     101.029999     242.130005      22.040001      72.510002     126.790001      76.370003
    -40.00     -5.00      13.993180       0.005086       0.005086        10       9.0      10.0       0.332179      65.150002     308.140015      78.050003      24.990000    -112.110001     -29.360001
    -40.00      0.00      10.000000       0.008352       0.008352        10       9.0      10.0       0.332179     109.209999     245.500000      69.360001      27.520000     -71.379997    -130.289993
    -40.00      5.00       6.006820       0.011237       0.011237        10       9.0      10.0       0.332179      96.610001     266.149994      57.930000      32.509998     -84.400002     -98.849998
    -40.00     10.00       2.013640       0.007666       0.007666        10       9.0      10.0       0.332179     105.169998     254.320007      55.820000      38.340000     -71.449997    -115.099998
    -35.00    -20.00      25.972710       0.008029       0.008029        10       9.0      10.0       0.332179      51.490002     298.350006      78.430000      27.510000      64.860001     154.270004
    -35.00    -15.00      21.979530       0.046655       0.046655        10       9.0      10.0       0.332179      47.590000     296.779999      69.709999      46.139999      47.619999     151.250000
    -35.00    -10.00      17.986361       0.039589       0.039589        10       9.0      10.0       0.332179     174.070007     289.779999      80.139999      21.830000     -70.430000    -152.589996
    -35.00     -5.00      13.993180       0.050770       0.050770        10       9.0      10.0       0.332179     152.880005     255.809998      79.949997      38.369999     -52.779999    -163.679993
    -35.00      0.00      10.000000       0.076397       0.076397        10       9.0      10.0       0.332179     125.510002     244.899994      63.869999      44.990002     -51.970001    -141.470001
    -35.00      5.00       6.006820       0.071209       0.071209        10       9.0      10.0       0.332179     108.349998     257.010010      46.799999      47.709999     -67.370003    -112.279999
    -35.00     10.00       2.013640       0.086951       0.086951        10       9.0      10.0       0.332179     106.639999     255.300003      51.799999      42.650002     -69.370003    -114.129997
    -30.00    -20.00      25.972710       0.030004       0.030004        10       9.0      10.0       0.332179     293.519989      39.799999      60.070000      64.040001     149.660004      33.709999
    -30.00    -15.00      21.979530       0.060920       0.060920        10       9.0      10.0       0.332179      43.119999     292.559998      62.090000      56.459999      38.700001     145.830002
    -30.00    -10.00      17.986361       0.062960       0.062960        10       9.0      10.0       0.332179     157.600006     284.790009      77.610001      19.969999     -74.209999    -141.089996
    -30.00     -5.00      13.993180       0.104172       0.104172        10       9.0      10.0       0.332179     131.179993     256.750000      68.010002      34.759998     -62.369999    -138.949997
    -30.00      0.00      10.000000       0.142978       0.142978        10       9.0      10.0       0.332179     120.339996     249.619995      61.009998      41.189999     -59.349998    -132.610001
    -30.00      5.00       6.006820       0.151866       0.151866        10       9.0      10.0       0.332179     109.830002     255.470001      52.689999      42.709999     -67.500000    -116.669998
    -30.00     10.00       2.013640       0.164839       0.164839        10       9.0      10.0       0.332179     107.599998     255.779999      54.060001      40.470001     -69.989998    -115.260002
    -25.00    -20.00      25.972710       0.057528       0.057528        10       9.0      10.0       0.332179      49.959999     295.540009      49.540001      64.150002      34.970001     133.850006
    -25.00    -15.00      21.979530       0.066805       0.066805        10       9.0      10.0       0.332179      47.080002     298.220001      46.410000      71.250000      26.350000     133.270004
    -25.00    -10.00      17.986361       0.066707       0.066707        10       9.0      10.0       0.332179     141.759995     293.239990      75.830002      16.040001     -82.419998    -117.580002
    -25.00     -5.00      13.993180       0.131021       0.131021        10       9.0      10.0       0.332179     119.269997     261.230011      64.339996      31.379999     -71.279999    -123.750000
    -25.00      0.00      10.000000       0.190412       0.190412        10       9.0      10.0       0.332179     114.000000     254.350006      58.500000      38.520000     -66.580002    -122.970001
    -25.00      5.00       6.006820       0.219541       0.219541        10       9.0      10.0       0.332179     107.559998     257.920013      54.700001      39.160000     -71.800003    -113.809998
    -25.00     10.00       2.013640       0.230769       0.230769        10       9.0      10.0       0.332179     106.529999     257.859985      55.389999      38.189999     -72.739998    -113.260002
    -20.00    -20.00      25.972710       0.057277       0.057277        10       9.0      10.0       0.332179      51.919998     293.519989      49.040001      61.290001      39.509998     131.630005
    -20.00    -15.00      21.979530       0.056555       0.056555        10       9.0      10.0       0.332179     300.399994      42.330002      81.449997      36.029999     125.129997      14.640000
    -20.00    -10.00      17.986361       0.076156       0.076156        10       9.0      10.0       0.332179     128.500000     291.019989      74.720001      15.980000     -85.250000    -106.849998
    -20.00     -5.00      13.993180       0.148642       0.148642        10       9.0      10.0       0.332179     110.639999     264.910004      61.689999      30.879999     -77.129997    -112.459999
    -20.00      0.00      10.000000       0.210103       0.210103        10       9.0      10.0       0.332179     107.809998     259.670013      55.790001      37.630001     -73.260002    -112.959999
    -20.00      5.00       6.006820       0.259894       0.259894        10       9.0      10.0       0.332179     106.889999     258.750000      55.849998      37.570000     -73.290001    -112.970001
    -20.00     10.00       2.013640       0.272170       0.272170        10       9.0      10.0       0.332179     105.279999     259.799988      55.950001      36.810001     -75.059998    -110.879997
    -15.00    -20.00      25.972710       0.046454       0.046454        10       9.0      10.0       0.332179      56.540001     288.820007      44.639999      58.860001      47.389999     123.760002
    -15.00    -15.00      21.979530       0.047576       0.047576        10       9.0      10.0       0.332179     299.089996      37.790001      84.000000      34.820000     124.370003      10.550000
    -15.00    -10.00      17.986361       0.079372       0.079372        10       9.0      10.0       0.332179     117.300003     285.309998      72.800003      17.559999     -86.410004    -101.449997
    -15.00     -5.00      13.993180       0.156746       0.156746        10       9.0      10.0       0.332179     105.669998     265.920013      61.259998      30.230000     -80.199997    -107.239998
    -15.00      0.00      10.000000       0.213533       0.213533        10       9.0      10.0       0.332179     104.220001     262.190002      55.680000      36.369999     -77.150002    -108.040001
    -15.00      5.00       6.006820       0.272316       0.272316        10       9.0      10.0       0.332179     104.930000     260.190002      56.680000      35.900002     -75.800003    -110.470001
    -15.00     10.00       2.013640       0.285670       0.285670        10       9.0      10.0       0.332179     103.510002     261.720001      56.169998      35.830002     -77.449997    -107.959999
    -10.00    -20.00      25.972710       0.041947       0.041947        10       9.0      10.0       0.332179      73.199997     269.010010      37.730000      53.330002      77.379997      99.599998
    -10.00    -15.00      21.979530       0.045644       0.045644        10       9.0      10.0       0.332179      35.540001     286.859985      32.849998      78.320000      21.910000     120.919998
    -10.00    -10.00      17.986361       0.078791       0.078791        10       9.0      10.0       0.332179     111.000000     280.529999      71.349998      18.940001     -86.620003     -99.910004
    -10.00     -5.00      13.993180       0.145568       0.145568        10       9.0      10.0       0.332179     101.879997     265.739990      61.669998      29.299999     -82.180000    -104.160004
    -10.00      0.00      10.000000       0.198908       0.198908        10       9.0      10.0       0.332179     101.660004     262.959991      56.919998      34.509998     -79.529999    -105.580002
    -10.00      5.00       6.006820       0.257166       0.257166        10       9.0      10.0       0.332179     102.430000     262.019989      57.250000      34.459999     -78.620003    -107.059998
    -10.00     10.00       2.013640       0.273736       0.273736        10       9.0      10.0       0.332179     101.320000     263.440002      56.060001      35.259998     -79.790001    -104.750000
     -5.00    -20.00      25.972710       0.036265       0.036265        10       9.0      10.0       0.332179      61.330002     266.220001      29.719999      62.630001      68.050003     102.050003
     -5.00    -15.00      21.979530       0.042531       0.042531        10       9.0      10.0       0.332179      36.959999     268.690002      29.280001      70.849998      42.130001     112.580002
     -5.00    -10.00      17.986361       0.066591       0.066591        10       9.0      10.0       0.332179      98.650002     282.779999      69.900002      20.150000     -91.419998     -86.120003
     -5.00     -5.00      13.993180       0.127707       0.127707        10       9.0      10.0       0.332179      98.870003     263.320007      62.110001      28.780001     -82.589996    -103.709999
     -5.00      0.00      10.000000       0.185118       0.185118        10       9.0      10.0       0.332179     100.500000     261.100006      56.939999      34.610001     -79.120003    -106.160004
     -5.00      5.00       6.006820       0.231154       0.231154        10       9.0      10.0       0.332179      98.190002     264.410004      56.270000      34.509998     -82.239998    -101.430000
     -5.00     10.00       2.013640       0.247395       0.247395        10       9.0      10.0       0.332179      97.900002     264.920013      55.189999      35.509998     -82.500000    -100.629997
      0.00    -20.00      25.972710       0.037427       0.037427        10       9.0      10.0       0.332179      31.670000     270.070007      29.580000      73.440002      35.270000     114.860001
      0.00    -15.00      21.979530       0.044738       0.044738        10       9.0      10.0       0.332179      19.090000     258.089996      24.230000      76.949997      33.380001     110.599998
      0.00    -10.00      17.986361       0.062320       0.062320        10       9.0      10.0       0.332179      90.129997     291.559998      71.790001      19.459999     -96.989998     -69.690002
      0.00     -5.00      13.993180       0.103693       0.103693        10       9.0      10.0       0.332179      95.809998     260.970001      62.060001      28.750000     -82.919998    -103.080002
      0.00      0.00      10.000000       0.161549       0.161549        10       9.0      10.0       0.332179      96.709999     260.200012      56.310001      34.810001     -80.660004    -103.680000
      0.00      5.00       6.006820       0.199341       0.199341        10       9.0      10.0       0.332179      93.110001     265.799988      53.389999      36.830002     -85.629997     -95.860001
      0.00     10.00       2.013640       0.217809       0.217809        10       9.0      10.0       0.332179      92.949997     265.880005      53.090000      37.119999     -85.739998     -95.650002
      5.00    -20.00      25.972710       0.038851       0.038851        10       9.0      10.0       0.332179     262.540009      18.010000      68.470001      42.529999     127.610001      32.880001
      5.00    -15.00      21.979530       0.039620       0.039620        10       9.0      10.0       0.332179       6.190000     262.290009      36.610001      79.879997      17.139999     125.379997
      5.00    -10.00      17.986361       0.047258       0.047258        10       9.0      10.0       0.332179      90.860001     316.209991      76.959999      18.230000    -102.860001     -46.130001
      5.00     -5.00      13.993180       0.071363       0.071363        10       9.0      10.0       0.332179      91.790001     258.350006      59.240002      31.459999     -83.029999    -101.519997
      5.00      0.00      10.000000       0.134395       0.134395        10       9.0      10.0       0.332179      91.559998     258.750000      53.360001      37.330002     -82.269997    -100.250000
      5.00      5.00       6.006820       0.174494       0.174494        10       9.0      10.0       0.332179      87.080002     265.670013      49.990002      40.020000     -89.089996     -91.080002
      5.00     10.00       2.013640       0.195586       0.195586        10       9.0      10.0       0.332179      86.660004     266.959991      50.080002      39.919998     -90.190002     -89.769997
     10.00    -20.00      25.972710       0.037331       0.037331        10       9.0      10.0       0.332179      23.200001     247.919998      52.009998      47.709999      58.630001     123.680000
     10.00    -15.00      21.979530       0.032143       0.032143        10       9.0      10.0       0.332179     357.440002     250.470001      65.529999      57.330002      36.380001     150.520004
     10.00    -10.00      17.986361       0.027178       0.027178        10       9.0      10.0       0.332179      96.300003     345.239990      79.209999      27.940001    -115.930000     -23.540001
     10.00     -5.00      13.993180       0.048261       0.048261        10       9.0      10.0       0.332179      84.980003     259.859985      54.200001      35.900002     -87.000000     -94.160004
     10.00      0.00      10.000000       0.118126       0.118126        10       9.0      10.0       0.332179      84.970001     261.239990      49.740002      40.320000     -87.589996     -92.839996
     10.00      5.00       6.006820       0.165571       0.165571        10       9.0      10.0       0.332179      82.300003     265.670013      47.070000      42.980000     -92.290001     -87.540001
     10.00     10.00       2.013640       0.181536       0.181536        10       9.0      10.0       0.332179      80.820000     268.540009      47.240002      43.020000     -95.260002     -84.339996
     15.00    -20.00      25.972710       0.044400       0.044400        10       9.0      10.0       0.332179      48.279999     232.940002      53.680000      36.410000      87.239998      93.750000
     15.00    -15.00      21.979530       0.033052       0.033052        10       9.0      10.0       0.332179     243.139999      30.650000      36.630001      57.910000     117.070000      71.309998
     15.00    -10.00      17.986361       0.015015       0.015015        10       9.0      10.0       0.332179     270.829987     176.809998      52.430000      84.790001    -173.419998     -37.759998
     15.00     -5.00      13.993180       0.033001       0.033001        10       9.0      10.0       0.332179      76.889999     264.070007      44.009998      46.209999     -95.180000     -85.010002
     15.00      0.00      10.000000       0.100165       0.100165        10       9.0      10.0       0.332179      78.290001     265.450012      46.730000      43.500000     -94.919998     -84.790001
     15.00      5.00       6.006820       0.148402       0.148402        10       9.0      10.0       0.332179      76.589996     267.420013      45.160000      45.349998     -97.680000     -82.349998
     15.00     10.00       2.013640       0.165725       0.165725        10       9.0      10.0       0.332179      75.540001     270.989990      45.330002      45.730000    -100.989998     -79.080002
     20.00    -20.00      25.972710       0.047215       0.047215        10       9.0      10.0       0.332179      57.959999     231.729996      57.189999      32.959999      93.379997      84.769997
     20.00    -15.00      21.979530       0.045681       0.045681        10       9.0      10.0       0.332179      66.830002     229.789993      58.020000      33.150002      99.220001      75.599998
     20.00    -10.00      17.986361       0.026103       0.026103        10       9.0      10.0       0.332179     292.369995     195.339996      35.189999      85.070000    -171.419998     -55.110001
     20.00     -5.00      13.993180       0.030224       0.030224        10       9.0      10.0       0.332179     138.940002     318.100006      33.110001      56.900002     -89.300003     -90.459999
     20.00      0.00      10.000000       0.082070       0.082070        10       9.0      10.0       0.332179      67.669998     275.700012      44.320000      49.240002    -110.849998     -70.830002
     20.00      5.00       6.006820       0.125293       0.125293        10       9.0      10.0       0.332179      66.690002     274.079987      45.369999      48.040001    -110.010002     -70.889999
     20.00     10.00       2.013640       0.146308       0.146308        10       9.0      10.0       0.332179      70.370003     274.799988      44.430000      48.250000    -107.970001     -73.169998
     25.00    -20.00      25.972710       0.050431       0.050431        10       9.0      10.0       0.332179      56.279999     259.589996      62.009998      30.059999      78.570000     110.449997
     25.00    -15.00      21.979530       0.064448       0.064448        10       9.0      10.0       0.332179      75.489998     245.289993      59.680000      30.719999      95.190002      81.209999
     25.00    -10.00      17.986361       0.027700       0.027700        10       9.0      10.0       0.332179      35.090000     302.660004      88.559998      30.620001      59.410000     177.169998
     25.00     -5.00      13.993180       0.032220       0.032220        10       9.0      10.0       0.332179     106.970001     296.869995      36.060001      54.349998     -98.029999     -84.190002
     25.00      0.00      10.000000       0.077120       0.077120        10       9.0      10.0       0.332179      72.239998     289.940002      38.810001      57.529999    -121.059998     -67.459999
     25.00      5.00       6.006820       0.107609       0.107609        10       9.0      10.0       0.332179      61.650002     284.420013      43.720001      54.930000    -123.769997     -62.009998
     25.00     10.00       2.013640       0.125296       0.125296        10       9.0      10.0       0.332179      65.809998     280.869995      43.230000      52.430000    -117.080002     -66.830002
     30.00    -20.00      25.972710       0.036092       0.036092        10       9.0      10.0       0.332179      28.680000     265.579987      83.400002      11.960000      80.000000     146.320007
     30.00    -15.00      21.979530       0.041675       0.041675        10       9.0      10.0       0.332179      80.129997     234.800003      65.260002      27.010000     101.199997      67.139999
     30.00    -10.00      17.986361       0.023763       0.023763        10       9.0      10.0       0.332179     165.449997     311.529999      25.120001      68.739998     -58.660000    -103.709999
     30.00     -5.00      13.993180       0.039557       0.039557        10       9.0      10.0       0.332179      85.489998     294.880005      42.320000      51.570000    -112.599998     -70.709999
     30.00      0.00      10.000000       0.078102       0.078102        10       9.0      10.0       0.332179      74.830002     298.510010      35.709999      62.529999    -127.779999     -66.230003
     30.00      5.00       6.006820       0.087813       0.087813        10       9.0      10.0       0.332179      67.449997     296.559998      35.959999      64.599998    -133.070007     -63.650002
     30.00     10.00       2.013640       0.098268       0.098268        10       9.0      10.0       0.332179      64.470001     287.070007      40.549999      57.799999    -124.940002     -63.889999
     35.00    -20.00      25.972710       0.011478       0.011478        10       9.0      10.0       0.332179     116.980003     232.970001      74.449997      32.419998     118.809998      30.000000
     35.00    -15.00      21.979530       0.065137       0.065137        10       9.0      10.0       0.332179     105.080002     211.500000      66.269997      57.259998     143.789993      28.580000
     35.00    -10.00      17.986361       0.052653       0.052653        10       9.0      10.0       0.332179     117.540001     346.649994      11.040000      82.720001    -138.580002     -81.680000
     35.00     -5.00      13.993180       0.038334       0.038334        10       9.0      10.0       0.332179      84.820000     338.049988      21.110001      83.639999    -162.089996     -69.830002
     35.00      0.00      10.000000       0.062361       0.062361        10       9.0      10.0       0.332179      76.489998     300.279999      26.340000      70.330002    -130.669998     -72.120003
     35.00      5.00       6.006820       0.048758       0.048758        10       9.0      10.0       0.332179      73.360001     308.160004      19.500000      78.459999    -143.190002     -74.169998
     35.00     10.00       2.013640       0.048619       0.048619        10       9.0      10.0       0.332179      64.410004     288.910004      36.770000      61.939999    -128.210007     -65.190002
     40.00    -20.00      25.972710       0.000000       0.000000        10       9.0      10.0       0.332179     180.000000     360.000000      45.000000      45.000000      90.000000      90.000000
     40.00    -15.00      21.979530       0.000000       0.000000        10       9.0      10.0       0.332179     180.000000     360.000000      45.000000      45.000000      90.000000      90.000000
     40.00    -10.00      17.986361       0.005653       0.005653        10       9.0      10.0       0.332179     141.710007     243.820007      54.930000      73.370003     -20.459999    -143.149994
     40.00     -5.00      13.993180       0.006681       0.006681        10       9.0      10.0       0.332179     115.239998     232.529999      40.900002      68.339996     -34.320000    -125.580002
     40.00      0.00      10.000000       0.006122       0.006122        10       9.0      10.0       0.332179     157.600006      50.419998      88.220001       6.020000     -95.750000     -17.270000
     40.00      5.00       6.006820       0.006680       0.006680        10       9.0      10.0       0.332179     110.459999     232.539993      59.470001      47.990002     -50.980000    -136.869995
     40.00     10.00       2.013640       0.004037       0.004037        10       9.0      10.0       0.332179      98.669998     252.059998      48.290001      44.910000     -71.559998    -109.529999
     45.00    -20.00      25.972710       0.000000       0.000000        10       9.0      10.0       0.332179     180.000000     360.000000      45.000000      45.000000      90.000000      90.000000
     45.00    -15.00      21.979530       0.000000       0.000000        10       9.0      10.0       0.332179     180.000000     360.000000      45.000000      45.000000      90.000000      90.000000
     45.00    -10.00      17.986361       0.000000       0.000000        10       9.0      10.0       0.332179     180.000000     360.000000      45.000000      45.000000      90.000000      90.000000
     45.00     -5.00      13.993180       0.000000       0.000000        10       9.0      10.0       0.332179     180.000000     360.000000      45.000000      45.000000      90.000000      90.000000
     45.00      0.00      10.000000       0.000000       0.000000        10       9.0      10.0       0.332179     180.000000     360.000000      45.000000      45.000000      90.000000      90.000000
     45.00      5.00       6.006820       0.000000       0.000000        10       9.0      10.0       0.332179     180.000000     360.000000      45.000000      45.000000      90.000000      90.000000
     45.00     10.00       2.013640       0.000000       0.000000        10       9.0      10.0       0.332179     180.000000     360.000000      45.000000      45.000000      90.000000      90.000000
     50.00    -20.00      25.972710       0.000000       0.000000        10       9.0      10.0       0.332179     180.000000     360.000000      45.000000      45.000000      90.000000      90.000000
     50.00    -15.00      21.979530       0.000000       0.000000        10       9.0      10.0       0.332179     180.000000     360.000000      45.000000      45.000000      90.000000      90.000000
     50.00    -10.00      17.986361       0.000000       0.000000        10       9.0      10.0       0.332179     180.000000     360.000000      45.000000      45.000000      90.000000      90.000000
     50.00     -5.00      13.993180       0.000000       0.000000        10       9.0      10.0       0.332179     180.000000     360.000000      45.000000      45.000000      90.000000      90.000000
     50.00      0.00      10.000000       0.000000       0.000000        10       9.0      10.0       0.332179     180.000000     360.000000      45.000000      45.000000      90.000000      90.000000
     50.00      5.00       6.006820       0.000000       0.000000        10       9.0      10.0       0.332179     180.000000     360.000000      45.000000      45.000000      90.000000      90.000000
     50.00     10.00       2.013640       0.000000       0.000000        10       9.0      10.0       0.332179     180.000000     360.000000      45.000000      45.000000      90.000000      90.000000
