      xloc      yloc          depth         ave SR         max SR         #     start       end     max SR all
    -50.00    -20.00      25.972710       0.032611       0.032611        20      19.0      20.0       0.332179
    -50.00    -15.00      21.979530       0.048676       0.048676        20      19.0      20.0       0.332179
    -50.00    -10.00      17.986361       0.040206       0.040206        20      19.0      20.0       0.332179
    -50.00     -5.00      13.993180       0.054245       0.054245        20      19.0      20.0       0.332179
    -50.00      0.00      10.000000       0.067594       0.067594        20      19.0      20.0       0.332179
    -50.00      5.00       6.006820       0.069332       0.069332        20      19.0      20.0       0.332179
    -50.00     10.00       2.013640       0.049618       0.049618        20      19.0      20.0       0.332179
    -45.00    -20.00      25.972710       0.028772       0.028772        20      19.0      20.0       0.332179
    -45.00    -15.00      21.979530       0.057157       0.057157        20      19.0      20.0       0.332179
    -45.00    -10.00      17.986361       0.057163       0.057163        20      19.0      20.0       0.332179
    -45.00     -5.00      13.993180       0.079988       0.079988        20      19.0      20.0       0.332179
    -45.00      0.00      10.000000       0.101339       0.101339        20      19.0      20.0       0.332179
    -45.00      5.00       6.006820       0.106613       0.106613        20      19.0      20.0       0.332179
    -45.00     10.00       2.013640       0.080344       0.080344        20      19.0      20.0       0.332179
    -40.00    -20.00      25.972710       0.030855       0.030855        20      19.0      20.0       0.332179
    -40.00    -15.00      21.979530       0.053708       0.053708        20      19.0      20.0       0.332179
    -40.00    -10.00      17.986361       0.062780       0.062780        20      19.0      20.0       0.332179
    -40.00     -5.00      13.993180       0.071971       0.071971        20      19.0      20.0       0.332179
    -40.00      0.00      10.000000       0.105341       0.105341        20      19.0      20.0       0.332179
    -40.00      5.00       6.006820       0.105552       0.105552        20      19.0      20.0       0.332179
    -40.00     10.00       2.013640       0.084495       0.084495        20      19.0      20.0       0.332179
    -35.00    -20.00      25.972710       0.032774       0.032774        20      19.0      20.0       0.332179
    -35.00    -15.00      21.979530       0.045010       0.045010        20      19.0      20.0       0.332179
    -35.00    -10.00      17.986361       0.043875       0.043875        20      19.0      20.0       0.332179
    -35.00     -5.00      13.993180       0.046173       0.046173        20      19.0      20.0       0.332179
    -35.00      0.00      10.000000       0.075920       0.075920        20      19.0      20.0       0.332179
    -35.00      5.00       6.006820       0.072752       0.072752        20      19.0      20.0       0.332179
    -35.00     10.00       2.013640       0.059865       0.059865        20      19.0      20.0       0.332179
    -30.00    -20.00      25.972710       0.023872       0.023872        20      19.0      20.0       0.332179
    -30.00    -15.00      21.979530       0.030161       0.030161        20      19.0      20.0       0.332179
    -30.00    -10.00      17.986361       0.016398       0.016398        20      19.0      20.0       0.332179
    -30.00     -5.00      13.993180       0.014047       0.014047        20      19.0      20.0       0.332179
    -30.00      0.00      10.000000       0.021020       0.021020        20      19.0      20.0       0.332179
    -30.00      5.00       6.006820       0.030402       0.030402        20      19.0      20.0       0.332179
    -30.00     10.00       2.013640       0.020340       0.020340        20      19.0      20.0       0.332179
    -25.00    -20.00      25.972710       0.010160       0.010160        20      19.0      20.0       0.332179
    -25.00    -15.00      21.979530       0.000557       0.000557        20      19.0      20.0       0.332179
    -25.00    -10.00      17.986361       0.000000       0.000000        20      19.0      20.0       0.332179
    -25.00     -5.00      13.993180       0.000000       0.000000        20      19.0      20.0       0.332179
    -25.00      0.00      10.000000       0.000000       0.000000        20      19.0      20.0       0.332179
    -25.00      5.00       6.006820       0.000000       0.000000        20      19.0      20.0       0.332179
    -25.00     10.00       2.013640       0.000000       0.000000        20      19.0      20.0       0.332179
    -20.00    -20.00      25.972710       0.000000       0.000000        20      19.0      20.0       0.332179
    -20.00    -15.00      21.979530       0.000000       0.000000        20      19.0      20.0       0.332179
    -20.00    -10.00      17.986361       0.000000       0.000000        20      19.0      20.0       0.332179
    -20.00     -5.00      13.993180       0.000000       0.000000        20      19.0      20.0       0.332179
    -20.00      0.00      10.000000       0.000000       0.000000        20      19.0      20.0       0.332179
    -20.00      5.00       6.006820       0.000000       0.000000        20      19.0      20.0       0.332179
    -20.00     10.00       2.013640       0.000000       0.000000        20      19.0      20.0       0.332179
    -15.00    -20.00      25.972710       0.000000       0.000000        20      19.0      20.0       0.332179
    -15.00    -15.00      21.979530       0.000000       0.000000        20      19.0      20.0       0.332179
    -15.00    -10.00      17.986361       0.000000       0.000000        20      19.0      20.0       0.332179
    -15.00     -5.00      13.993180       0.000000       0.000000        20      19.0      20.0       0.332179
    -15.00      0.00      10.000000       0.000000       0.000000        20      19.0      20.0       0.332179
    -15.00      5.00       6.006820       0.000000       0.000000        20      19.0      20.0       0.332179
    -15.00     10.00       2.013640       0.000000       0.000000        20      19.0      20.0       0.332179
    -10.00    -20.00      25.972710       0.000000       0.000000        20      19.0      20.0       0.332179
    -10.00    -15.00      21.979530       0.000000       0.000000        20      19.0      20.0       0.332179
    -10.00    -10.00      17.986361       0.000000       0.000000        20      19.0      20.0       0.332179
    -10.00     -5.00      13.993180       0.000000       0.000000        20      19.0      20.0       0.332179
    -10.00      0.00      10.000000       0.000000       0.000000        20      19.0      20.0       0.332179
    -10.00      5.00       6.006820       0.000000       0.000000        20      19.0      20.0       0.332179
    -10.00     10.00       2.013640       0.000000       0.000000        20      19.0      20.0       0.332179
     -5.00    -20.00      25.972710       0.000000       0.000000        20      19.0      20.0       0.332179
     -5.00    -15.00      21.979530       0.000000       0.000000        20      19.0      20.0       0.332179
     -5.00    -10.00      17.986361       0.000000       0.000000        20      19.0      20.0       0.332179
     -5.00     -5.00      13.993180       0.000000       0.000000        20      19.0      20.0       0.332179
     -5.00      0.00      10.000000       0.000000       0.000000        20      19.0      20.0       0.332179
     -5.00      5.00       6.006820       0.000000       0.000000        20      19.0      20.0       0.332179
     -5.00     10.00       2.013640       0.000000       0.000000        20      19.0      20.0       0.332179
      0.00    -20.00      25.972710       0.000000       0.000000        20      19.0      20.0       0.332179
      0.00    -15.00      21.979530       0.000000       0.000000        20      19.0      20.0       0.332179
      0.00    -10.00      17.986361       0.000000       0.000000        20      19.0      20.0       0.332179
      0.00     -5.00      13.993180       0.000000       0.000000        20      19.0      20.0       0.332179
      0.00      0.00      10.000000       0.000000       0.000000        20      19.0      20.0       0.332179
      0.00      5.00       6.006820       0.000000       0.000000        20      19.0      20.0       0.332179
      0.00     10.00       2.013640       0.000000       0.000000        20      19.0      20.0       0.332179
      5.00    -20.00      25.972710       0.000000       0.000000        20      19.0      20.0       0.332179
      5.00    -15.00      21.979530       0.000000       0.000000        20      19.0      20.0       0.332179
      5.00    -10.00      17.986361       0.000000       0.000000        20      19.0      20.0       0.332179
      5.00     -5.00      13.993180       0.000000       0.000000        20      19.0      20.0       0.332179
      5.00      0.00      10.000000       0.000000       0.000000        20      19.0      20.0       0.332179
      5.00      5.00       6.006820       0.000000       0.000000        20      19.0      20.0       0.332179
      5.00     10.00       2.013640       0.000000       0.000000        20      19.0      20.0       0.332179
     10.00    -20.00      25.972710       0.000000       0.000000        20      19.0      20.0       0.332179
     10.00    -15.00      21.979530       0.000000       0.000000        20      19.0      20.0       0.332179
     10.00    -10.00      17.986361       0.000000       0.000000        20      19.0      20.0       0.332179
     10.00     -5.00      13.993180       0.000000       0.000000        20      19.0      20.0       0.332179
     10.00      0.00      10.000000       0.000000       0.000000        20      19.0      20.0       0.332179
     10.00      5.00       6.006820       0.000000       0.000000        20      19.0      20.0       0.332179
     10.00     10.00       2.013640       0.000000       0.000000        20      19.0      20.0       0.332179
     15.00    -20.00      25.972710       0.000000       0.000000        20      19.0      20.0       0.332179
     15.00    -15.00      21.979530       0.000000       0.000000        20      19.0      20.0       0.332179
     15.00    -10.00      17.986361       0.000000       0.000000        20      19.0      20.0       0.332179
     15.00     -5.00      13.993180       0.000000       0.000000        20      19.0      20.0       0.332179
     15.00      0.00      10.000000       0.000000       0.000000        20      19.0      20.0       0.332179
     15.00      5.00       6.006820       0.000000       0.000000        20      19.0      20.0       0.332179
     15.00     10.00       2.013640       0.000000       0.000000        20      19.0      20.0       0.332179
     20.00    -20.00      25.972710       0.000000       0.000000        20      19.0      20.0       0.332179
     20.00    -15.00      21.979530       0.000000       0.000000        20      19.0      20.0       0.332179
     20.00    -10.00      17.986361       0.000000       0.000000        20      19.0      20.0       0.332179
     20.00     -5.00      13.993180       0.000000       0.000000        20      19.0      20.0       0.332179
     20.00      0.00      10.000000       0.000000       0.000000        20      19.0      20.0       0.332179
     20.00      5.00       6.006820       0.000000       0.000000        20      19.0      20.0       0.332179
     20.00     10.00       2.013640       0.000000       0.000000        20      19.0      20.0       0.332179
     25.00    -20.00      25.972710       0.027528       0.027528        20      19.0      20.0       0.332179
     25.00    -15.00      21.979530       0.000447       0.000447        20      19.0      20.0       0.332179
     25.00    -10.00      17.986361       0.000000       0.000000        20      19.0      20.0       0.332179
     25.00     -5.00      13.993180       0.000000       0.000000        20      19.0      20.0       0.332179
     25.00      0.00      10.000000       0.000000       0.000000        20      19.0      20.0       0.332179
     25.00      5.00       6.006820       0.000000       0.000000        20      19.0      20.0       0.332179
     25.00     10.00       2.013640       0.000000       0.000000        20      19.0      20.0       0.332179
     30.00    -20.00      25.972710       0.015151       0.015151        20      19.0      20.0       0.332179
     30.00    -15.00      21.979530       0.017766       0.017766        20      19.0      20.0       0.332179
     30.00    -10.00      17.986361       0.011155       0.011155        20      19.0      20.0       0.332179
     30.00     -5.00      13.993180       0.007230       0.007230        20      19.0      20.0       0.332179
     30.00      0.00      10.000000       0.015006       0.015006        20      19.0      20.0       0.332179
     30.00      5.00       6.006820       0.031948       0.031948        20      19.0      20.0       0.332179
     30.00     10.00       2.013640       0.019703       0.019703        20      19.0      20.0       0.332179
     35.00    -20.00      25.972710       0.010493       0.010493        20      19.0      20.0       0.332179
     35.00    -15.00      21.979530       0.025551       0.025551        20      19.0      20.0       0.332179
     35.00    -10.00      17.986361       0.022503       0.022503        20      19.0      20.0       0.332179
     35.00     -5.00      13.993180       0.040741       0.040741        20      19.0      20.0       0.332179
     35.00      0.00      10.000000       0.058948       0.058948        20      19.0      20.0       0.332179
     35.00      5.00       6.006820       0.054472       0.054472        20      19.0      20.0       0.332179
     35.00     10.00       2.013640       0.055560       0.055560        20      19.0      20.0       0.332179
     40.00    -20.00      25.972710       0.017316       0.017316        20      19.0      20.0       0.332179
     40.00    -15.00      21.979530       0.046083       0.046083        20      19.0      20.0       0.332179
     40.00    -10.00      17.986361       0.053706       0.053706        20      19.0      20.0       0.332179
     40.00     -5.00      13.993180       0.076493       0.076493        20      19.0      20.0       0.332179
     40.00      0.00      10.000000       0.093821       0.093821        20      19.0      20.0       0.332179
     40.00      5.00       6.006820       0.095334       0.095334        20      19.0      20.0       0.332179
     40.00     10.00       2.013640       0.092260       0.092260        20      19.0      20.0       0.332179
     45.00    -20.00      25.972710       0.028950       0.028950        20      19.0      20.0       0.332179
     45.00    -15.00      21.979530       0.065449       0.065449        20      19.0      20.0       0.332179
     45.00    -10.00      17.986361       0.064073       0.064073        20      19.0      20.0       0.332179
     45.00     -5.00      13.993180       0.077770       0.077770        20      19.0      20.0       0.332179
     45.00      0.00      10.000000       0.094337       0.094337        20      19.0      20.0       0.332179
     45.00      5.00       6.006820       0.105378       0.105378        20      19.0      20.0       0.332179
     45.00     10.00       2.013640       0.096304       0.096304        20      19.0      20.0       0.332179
     50.00    -20.00      25.972710       0.022990       0.022990        20      19.0      20.0       0.332179
     50.00    -15.00      21.979530       0.049773       0.049773        20      19.0      20.0       0.332179
     50.00    -10.00      17.986361       0.051915       0.051915        20      19.0      20.0       0.332179
     50.00     -5.00      13.993180       0.052232       0.052232        20      19.0      20.0       0.332179
     50.00      0.00      10.000000       0.060326       0.060326        20      19.0      20.0       0.332179
     50.00      5.00       6.006820       0.067463       0.067463        20      19.0      20.0       0.332179
     50.00     10.00       2.013640       0.060878       0.060878        20      19.0      20.0       0.332179
