      xloc      yloc          depth         ave SR         max SR         #     start       end     max SR all       strike 1       strike 2          dip 1          dip 2         rake 1         rake 2
    -50.00    -20.00      25.972710       0.048076       0.048076        24      23.0      24.0       0.332179      95.290001     344.260010      55.209999      62.669998    -146.020004     -39.950001
    -50.00    -15.00      21.979530       0.046941       0.046941        24      23.0      24.0       0.332179     102.709999     338.799988      38.110001      66.360001    -139.490005     -59.189999
    -50.00    -10.00      17.986361       0.034364       0.034364        24      23.0      24.0       0.332179     113.690002     303.029999      43.669998      46.709999     -96.779999     -83.570000
    -50.00     -5.00      13.993180       0.028118       0.028118        24      23.0      24.0       0.332179     355.920013     251.759995      84.589996      21.170000      69.500000     164.869995
    -50.00      0.00      10.000000       0.044670       0.044670        24      23.0      24.0       0.332179      64.180000     275.850006      61.770000      32.240002      73.739998     117.550003
    -50.00      5.00       6.006820       0.039635       0.039635        24      23.0      24.0       0.332179      81.120003     290.579987      52.049999      41.849998      70.839996     112.820000
    -50.00     10.00       2.013640       0.020156       0.020156        24      23.0      24.0       0.332179      79.480003     282.339996      58.740002      33.369999      77.660004     109.400002
    -45.00    -20.00      25.972710       0.038275       0.038275        24      23.0      24.0       0.332179     341.380005      80.419998      81.489998      43.560001     -47.110001    -167.610001
    -45.00    -15.00      21.979530       0.020571       0.020571        24      23.0      24.0       0.332179      79.300003     325.589996      35.150002      74.190002    -151.759995     -58.189999
    -45.00    -10.00      17.986361       0.020883       0.020883        24      23.0      24.0       0.332179      58.250000     318.739990      30.250000      84.500000    -169.029999     -60.209999
    -45.00     -5.00      13.993180       0.025479       0.025479        24      23.0      24.0       0.332179      76.800003     252.949997      64.650002      25.400000      91.650002      86.519997
    -45.00      0.00      10.000000       0.043380       0.043380        24      23.0      24.0       0.332179      97.809998     257.839996      54.939999      36.750000     101.790001      73.769997
    -45.00      5.00       6.006820       0.025886       0.025886        24      23.0      24.0       0.332179      74.500000     290.829987      38.650002      57.200001      60.130001     111.720001
    -45.00     10.00       2.013640       0.007574       0.007574        24      23.0      24.0       0.332179      60.590000     285.000000      55.590000      43.799999      61.029999     125.269997
    -40.00    -20.00      25.972710       0.000699       0.000699        24      23.0      24.0       0.332179      53.049999     299.250000      42.709999      69.559998    -149.020004     -51.639999
    -40.00    -15.00      21.979530       0.000419       0.000419        24      23.0      24.0       0.332179      72.419998     302.989990      50.959999      51.930000    -127.449997     -53.130001
    -40.00    -10.00      17.986361       0.000000       0.000000        24      23.0      24.0       0.332179     180.000000     360.000000      45.000000      45.000000      90.000000      90.000000
    -40.00     -5.00      13.993180       0.000000       0.000000        24      23.0      24.0       0.332179     180.000000     360.000000      45.000000      45.000000      90.000000      90.000000
    -40.00      0.00      10.000000       0.000000       0.000000        24      23.0      24.0       0.332179     180.000000     360.000000      45.000000      45.000000      90.000000      90.000000
    -40.00      5.00       6.006820       0.000000       0.000000        24      23.0      24.0       0.332179     180.000000     360.000000      45.000000      45.000000      90.000000      90.000000
    -40.00     10.00       2.013640       0.000000       0.000000        24      23.0      24.0       0.332179     180.000000     360.000000      45.000000      45.000000      90.000000      90.000000
    -35.00    -20.00      25.972710       0.000000       0.000000        24      23.0      24.0       0.332179     180.000000     360.000000      45.000000      45.000000      90.000000      90.000000
    -35.00    -15.00      21.979530       0.000000       0.000000        24      23.0      24.0       0.332179     180.000000     360.000000      45.000000      45.000000      90.000000      90.000000
    -35.00    -10.00      17.986361       0.000000       0.000000        24      23.0      24.0       0.332179     180.000000     360.000000      45.000000      45.000000      90.000000      90.000000
    -35.00     -5.00      13.993180       0.000000       0.000000        24      23.0      24.0       0.332179     180.000000     360.000000      45.000000      45.000000      90.000000      90.000000
    -35.00      0.00      10.000000       0.000000       0.000000        24      23.0      24.0       0.332179     180.000000     360.000000      45.000000      45.000000      90.000000      90.000000
    -35.00      5.00       6.006820       0.000000       0.000000        24      23.0      24.0       0.332179     180.000000     360.000000      45.000000      45.000000      90.000000      90.000000
    -35.00     10.00       2.013640       0.000000       0.000000        24      23.0      24.0       0.332179     180.000000     360.000000      45.000000      45.000000      90.000000      90.000000
    -30.00    -20.00      25.972710       0.000000       0.000000        24      23.0      24.0       0.332179     180.000000     360.000000      45.000000      45.000000      90.000000      90.000000
    -30.00    -15.00      21.979530       0.000000       0.000000        24      23.0      24.0       0.332179     180.000000     360.000000      45.000000      45.000000      90.000000      90.000000
    -30.00    -10.00      17.986361       0.000000       0.000000        24      23.0      24.0       0.332179     180.000000     360.000000      45.000000      45.000000      90.000000      90.000000
    -30.00     -5.00      13.993180       0.000000       0.000000        24      23.0      24.0       0.332179     180.000000     360.000000      45.000000      45.000000      90.000000      90.000000
    -30.00      0.00      10.000000       0.000000       0.000000        24      23.0      24.0       0.332179     180.000000     360.000000      45.000000      45.000000      90.000000      90.000000
    -30.00      5.00       6.006820       0.000000       0.000000        24      23.0      24.0       0.332179     180.000000     360.000000      45.000000      45.000000      90.000000      90.000000
    -30.00     10.00       2.013640       0.000000       0.000000        24      23.0      24.0       0.332179     180.000000     360.000000      45.000000      45.000000      90.000000      90.000000
    -25.00    -20.00      25.972710       0.000000       0.000000        24      23.0      24.0       0.332179     180.000000     360.000000      45.000000      45.000000      90.000000      90.000000
    -25.00    -15.00      21.979530       0.000000       0.000000        24      23.0      24.0       0.332179     180.000000     360.000000      45.000000      45.000000      90.000000      90.000000
    -25.00    -10.00      17.986361       0.000000       0.000000        24      23.0      24.0       0.332179     180.000000     360.000000      45.000000      45.000000      90.000000      90.000000
    -25.00     -5.00      13.993180       0.000000       0.000000        24      23.0      24.0       0.332179     180.000000     360.000000      45.000000      45.000000      90.000000      90.000000
    -25.00      0.00      10.000000       0.000000       0.000000        24      23.0      24.0       0.332179     180.000000     360.000000      45.000000      45.000000      90.000000      90.000000
    -25.00      5.00       6.006820       0.000000       0.000000        24      23.0      24.0       0.332179     180.000000     360.000000      45.000000      45.000000      90.000000      90.000000
    -25.00     10.00       2.013640       0.000000       0.000000        24      23.0      24.0       0.332179     180.000000     360.000000      45.000000      45.000000      90.000000      90.000000
    -20.00    -20.00      25.972710       0.000000       0.000000        24      23.0      24.0       0.332179     180.000000     360.000000      45.000000      45.000000      90.000000      90.000000
    -20.00    -15.00      21.979530       0.000000       0.000000        24      23.0      24.0       0.332179     180.000000     360.000000      45.000000      45.000000      90.000000      90.000000
    -20.00    -10.00      17.986361       0.000000       0.000000        24      23.0      24.0       0.332179     180.000000     360.000000      45.000000      45.000000      90.000000      90.000000
    -20.00     -5.00      13.993180       0.000000       0.000000        24      23.0      24.0       0.332179     180.000000     360.000000      45.000000      45.000000      90.000000      90.000000
    -20.00      0.00      10.000000       0.000000       0.000000        24      23.0      24.0       0.332179     180.000000     360.000000      45.000000      45.000000      90.000000      90.000000
    -20.00      5.00       6.006820       0.000000       0.000000        24      23.0      24.0       0.332179     180.000000     360.000000      45.000000      45.000000      90.000000      90.000000
    -20.00     10.00       2.013640       0.000000       0.000000        24      23.0      24.0       0.332179     180.000000     360.000000      45.000000      45.000000      90.000000      90.000000
    -15.00    -20.00      25.972710       0.000000       0.000000        24      23.0      24.0       0.332179     180.000000     360.000000      45.000000      45.000000      90.000000      90.000000
    -15.00    -15.00      21.979530       0.000000       0.000000        24      23.0      24.0       0.332179     180.000000     360.000000      45.000000      45.000000      90.000000      90.000000
    -15.00    -10.00      17.986361       0.000000       0.000000        24      23.0      24.0       0.332179     180.000000     360.000000      45.000000      45.000000      90.000000      90.000000
    -15.00     -5.00      13.993180       0.000000       0.000000        24      23.0      24.0       0.332179     180.000000     360.000000      45.000000      45.000000      90.000000      90.000000
    -15.00      0.00      10.000000       0.000000       0.000000        24      23.0      24.0       0.332179     180.000000     360.000000      45.000000      45.000000      90.000000      90.000000
    -15.00      5.00       6.006820       0.000000       0.000000        24      23.0      24.0       0.332179     180.000000     360.000000      45.000000      45.000000      90.000000      90.000000
    -15.00     10.00       2.013640       0.000000       0.000000        24      23.0      24.0       0.332179     180.000000     360.000000      45.000000      45.000000      90.000000      90.000000
    -10.00    -20.00      25.972710       0.000000       0.000000        24      23.0      24.0       0.332179     180.000000     360.000000      45.000000      45.000000      90.000000      90.000000
    -10.00    -15.00      21.979530       0.000000       0.000000        24      23.0      24.0       0.332179     180.000000     360.000000      45.000000      45.000000      90.000000      90.000000
    -10.00    -10.00      17.986361       0.000000       0.000000        24      23.0      24.0       0.332179     180.000000     360.000000      45.000000      45.000000      90.000000      90.000000
    -10.00     -5.00      13.993180       0.000000       0.000000        24      23.0      24.0       0.332179     180.000000     360.000000      45.000000      45.000000      90.000000      90.000000
    -10.00      0.00      10.000000       0.000000       0.000000        24      23.0      24.0       0.332179     180.000000     360.000000      45.000000      45.000000      90.000000      90.000000
    -10.00      5.00       6.006820       0.000000       0.000000        24      23.0      24.0       0.332179     180.000000     360.000000      45.000000      45.000000      90.000000      90.000000
    -10.00     10.00       2.013640       0.000000       0.000000        24      23.0      24.0       0.332179     180.000000     360.000000      45.000000      45.000000      90.000000      90.000000
     -5.00    -20.00      25.972710       0.000000       0.000000        24      23.0      24.0       0.332179     180.000000     360.000000      45.000000      45.000000      90.000000      90.000000
     -5.00    -15.00      21.979530       0.000000       0.000000        24      23.0      24.0       0.332179     180.000000     360.000000      45.000000      45.000000      90.000000      90.000000
     -5.00    -10.00      17.986361       0.000000       0.000000        24      23.0      24.0       0.332179     180.000000     360.000000      45.000000      45.000000      90.000000      90.000000
     -5.00     -5.00      13.993180       0.000000       0.000000        24      23.0      24.0       0.332179     180.000000     360.000000      45.000000      45.000000      90.000000      90.000000
     -5.00      0.00      10.000000       0.000000       0.000000        24      23.0      24.0       0.332179     180.000000     360.000000      45.000000      45.000000      90.000000      90.000000
     -5.00      5.00       6.006820       0.000000       0.000000        24      23.0      24.0       0.332179     180.000000     360.000000      45.000000      45.000000      90.000000      90.000000
     -5.00     10.00       2.013640       0.000000       0.000000        24      23.0      24.0       0.332179     180.000000     360.000000      45.000000      45.000000      90.000000      90.000000
      0.00    -20.00      25.972710       0.000000       0.000000        24      23.0      24.0       0.332179     180.000000     360.000000      45.000000      45.000000      90.000000      90.000000
      0.00    -15.00      21.979530       0.000000       0.000000        24      23.0      24.0       0.332179     180.000000     360.000000      45.000000      45.000000      90.000000      90.000000
      0.00    -10.00      17.986361       0.000000       0.000000        24      23.0      24.0       0.332179     180.000000     360.000000      45.000000      45.000000      90.000000      90.000000
      0.00     -5.00      13.993180       0.000000       0.000000        24      23.0      24.0       0.332179     180.000000     360.000000      45.000000      45.000000      90.000000      90.000000
      0.00      0.00      10.000000       0.000000       0.000000        24      23.0      24.0       0.332179     180.000000     360.000000      45.000000      45.000000      90.000000      90.000000
      0.00      5.00       6.006820       0.000000       0.000000        24      23.0      24.0       0.332179     180.000000     360.000000      45.000000      45.000000      90.000000      90.000000
      0.00     10.00       2.013640       0.000000       0.000000        24      23.0      24.0       0.332179     180.000000     360.000000      45.000000      45.000000      90.000000      90.000000
      5.00    -20.00      25.972710       0.000000       0.000000        24      23.0      24.0       0.332179     180.000000     360.000000      45.000000      45.000000      90.000000      90.000000
      5.00    -15.00      21.979530       0.000000       0.000000        24      23.0      24.0       0.332179     180.000000     360.000000      45.000000      45.000000      90.000000      90.000000
      5.00    -10.00      17.986361       0.000000       0.000000        24      23.0      24.0       0.332179     180.000000     360.000000      45.000000      45.000000      90.000000      90.000000
      5.00     -5.00      13.993180       0.000000       0.000000        24      23.0      24.0       0.332179     180.000000     360.000000      45.000000      45.000000      90.000000      90.000000
      5.00      0.00      10.000000       0.000000       0.000000        24      23.0      24.0       0.332179     180.000000     360.000000      45.000000      45.000000      90.000000      90.000000
      5.00      5.00       6.006820       0.000000       0.000000        24      23.0      24.0       0.332179     180.000000     360.000000      45.000000      45.000000      90.000000      90.000000
      5.00     10.00       2.013640       0.000000       0.000000        24      23.0      24.0       0.332179     180.000000     360.000000      45.000000      45.000000      90.000000      90.000000
     10.00    -20.00      25.972710       0.000000       0.000000        24      23.0      24.0       0.332179     180.000000     360.000000      45.000000      45.000000      90.000000      90.000000
     10.00    -15.00      21.979530       0.000000       0.000000        24      23.0      24.0       0.332179     180.000000     360.000000      45.000000      45.000000      90.000000      90.000000
     10.00    -10.00      17.986361       0.000000       0.000000        24      23.0      24.0       0.332179     180.000000     360.000000      45.000000      45.000000      90.000000      90.000000
     10.00     -5.00      13.993180       0.000000       0.000000        24      23.0      24.0       0.332179     180.000000     360.000000      45.000000      45.000000      90.000000      90.000000
     10.00      0.00      10.000000       0.000000       0.000000        24      23.0      24.0       0.332179     180.000000     360.000000      45.000000      45.000000      90.000000      90.000000
     10.00      5.00       6.006820       0.000000       0.000000        24      23.0      24.0       0.332179     180.000000     360.000000      45.000000      45.000000      90.000000      90.000000
     10.00     10.00       2.013640       0.000000       0.000000        24      23.0      24.0       0.332179     180.000000     360.000000      45.000000      45.000000      90.000000      90.000000
     15.00    -20.00      25.972710       0.000000       0.000000        24      23.0      24.0       0.332179     180.000000     360.000000      45.000000      45.000000      90.000000      90.000000
     15.00    -15.00      21.979530       0.000000       0.000000        24      23.0      24.0       0.332179     180.000000     360.000000      45.000000      45.000000      90.000000      90.000000
     15.00    -10.00      17.986361       0.000000       0.000000        24      23.0      24.0       0.332179     180.000000     360.000000      45.000000      45.000000      90.000000      90.000000
     15.00     -5.00      13.993180       0.000000       0.000000        24      23.0      24.0       0.332179     180.000000     360.000000      45.000000      45.000000      90.000000      90.000000
     15.00      0.00      10.000000       0.000000       0.000000        24      23.0      24.0       0.332179     180.000000     360.000000      45.000000      45.000000      90.000000      90.000000
     15.00      5.00       6.006820       0.000000       0.000000        24      23.0      24.0       0.332179     180.000000     360.000000      45.000000      45.000000      90.000000      90.000000
     15.00     10.00       2.013640       0.000000       0.000000        24      23.0      24.0       0.332179     180.000000     360.000000      45.000000      45.000000      90.000000      90.000000
     20.00    -20.00      25.972710       0.000000       0.000000        24      23.0      24.0       0.332179     180.000000     360.000000      45.000000      45.000000      90.000000      90.000000
     20.00    -15.00      21.979530       0.000000       0.000000        24      23.0      24.0       0.332179     180.000000     360.000000      45.000000      45.000000      90.000000      90.000000
     20.00    -10.00      17.986361       0.000000       0.000000        24      23.0      24.0       0.332179     180.000000     360.000000      45.000000      45.000000      90.000000      90.000000
     20.00     -5.00      13.993180       0.000000       0.000000        24      23.0      24.0       0.332179     180.000000     360.000000      45.000000      45.000000      90.000000      90.000000
     20.00      0.00      10.000000       0.000000       0.000000        24      23.0      24.0       0.332179     180.000000     360.000000      45.000000      45.000000      90.000000      90.000000
     20.00      5.00       6.006820       0.000000       0.000000        24      23.0      24.0       0.332179     180.000000     360.000000      45.000000      45.000000      90.000000      90.000000
     20.00     10.00       2.013640       0.000000       0.000000        24      23.0      24.0       0.332179     180.000000     360.000000      45.000000      45.000000      90.000000      90.000000
     25.00    -20.00      25.972710       0.000000       0.000000        24      23.0      24.0       0.332179     180.000000     360.000000      45.000000      45.000000      90.000000      90.000000
     25.00    -15.00      21.979530       0.000000       0.000000        24      23.0      24.0       0.332179     180.000000     360.000000      45.000000      45.000000      90.000000      90.000000
     25.00    -10.00      17.986361       0.000000       0.000000        24      23.0      24.0       0.332179     180.000000     360.000000      45.000000      45.000000      90.000000      90.000000
     25.00     -5.00      13.993180       0.000000       0.000000        24      23.0      24.0       0.332179     180.000000     360.000000      45.000000      45.000000      90.000000      90.000000
     25.00      0.00      10.000000       0.000000       0.000000        24      23.0      24.0       0.332179     180.000000     360.000000      45.000000      45.000000      90.000000      90.000000
     25.00      5.00       6.006820       0.000000       0.000000        24      23.0      24.0       0.332179     180.000000     360.000000      45.000000      45.000000      90.000000      90.000000
     25.00     10.00       2.013640       0.000000       0.000000        24      23.0      24.0       0.332179     180.000000     360.000000      45.000000      45.000000      90.000000      90.000000
     30.00    -20.00      25.972710       0.000000       0.000000        24      23.0      24.0       0.332179     180.000000     360.000000      45.000000      45.000000      90.000000      90.000000
     30.00    -15.00      21.979530       0.000000       0.000000        24      23.0      24.0       0.332179     180.000000     360.000000      45.000000      45.000000      90.000000      90.000000
     30.00    -10.00      17.986361       0.000000       0.000000        24      23.0      24.0       0.332179     180.000000     360.000000      45.000000      45.000000      90.000000      90.000000
     30.00     -5.00      13.993180       0.000000       0.000000        24      23.0      24.0       0.332179     180.000000     360.000000      45.000000      45.000000      90.000000      90.000000
     30.00      0.00      10.000000       0.000000       0.000000        24      23.0      24.0       0.332179     180.000000     360.000000      45.000000      45.000000      90.000000      90.000000
     30.00      5.00       6.006820       0.000000       0.000000        24      23.0      24.0       0.332179     180.000000     360.000000      45.000000      45.000000      90.000000      90.000000
     30.00     10.00       2.013640       0.000000       0.000000        24      23.0      24.0       0.332179     180.000000     360.000000      45.000000      45.000000      90.000000      90.000000
     35.00    -20.00      25.972710       0.000000       0.000000        24      23.0      24.0       0.332179     180.000000     360.000000      45.000000      45.000000      90.000000      90.000000
     35.00    -15.00      21.979530       0.000000       0.000000        24      23.0      24.0       0.332179     180.000000     360.000000      45.000000      45.000000      90.000000      90.000000
     35.00    -10.00      17.986361       0.000000       0.000000        24      23.0      24.0       0.332179     180.000000     360.000000      45.000000      45.000000      90.000000      90.000000
     35.00     -5.00      13.993180       0.000000       0.000000        24      23.0      24.0       0.332179     180.000000     360.000000      45.000000      45.000000      90.000000      90.000000
     35.00      0.00      10.000000       0.000000       0.000000        24      23.0      24.0       0.332179     180.000000     360.000000      45.000000      45.000000      90.000000      90.000000
     35.00      5.00       6.006820       0.000000       0.000000        24      23.0      24.0       0.332179     180.000000     360.000000      45.000000      45.000000      90.000000      90.000000
     35.00     10.00       2.013640       0.000000       0.000000        24      23.0      24.0       0.332179     180.000000     360.000000      45.000000      45.000000      90.000000      90.000000
     40.00    -20.00      25.972710       0.000454       0.000454        24      23.0      24.0       0.332179     203.610001     327.950012      12.660000      82.779999     145.000000      79.570000
     40.00    -15.00      21.979530       0.000339       0.000339        24      23.0      24.0       0.332179     101.820000     261.170013      49.000000      42.889999     103.889999      74.559998
     40.00    -10.00      17.986361       0.000000       0.000000        24      23.0      24.0       0.332179     180.000000     360.000000      45.000000      45.000000      90.000000      90.000000
     40.00     -5.00      13.993180       0.000000       0.000000        24      23.0      24.0       0.332179     180.000000     360.000000      45.000000      45.000000      90.000000      90.000000
     40.00      0.00      10.000000       0.000000       0.000000        24      23.0      24.0       0.332179     180.000000     360.000000      45.000000      45.000000      90.000000      90.000000
     40.00      5.00       6.006820       0.000000       0.000000        24      23.0      24.0       0.332179     180.000000     360.000000      45.000000      45.000000      90.000000      90.000000
     40.00     10.00       2.013640       0.000000       0.000000        24      23.0      24.0       0.332179     180.000000     360.000000      45.000000      45.000000      90.000000      90.000000
     45.00    -20.00      25.972710       0.036427       0.036427        24      23.0      24.0       0.332179      60.110001     218.229996      61.540001      30.290001     100.830002      70.879997
     45.00    -15.00      21.979530       0.023968       0.023968        24      23.0      24.0       0.332179     337.559998     245.410004      88.739998      30.450001      59.570000     177.509995
     45.00    -10.00      17.986361       0.022156       0.022156        24      23.0      24.0       0.332179     188.059998      48.080002      86.120003       5.060000     -93.250000     -50.090000
     45.00     -5.00      13.993180       0.016343       0.016343        24      23.0      24.0       0.332179     119.820000     214.470001      40.290001      86.070000      -6.080000    -130.130005
     45.00      0.00      10.000000       0.019866       0.019866        24      23.0      24.0       0.332179     126.709999     357.959991       6.950000      85.639999      38.950001      95.419998
     45.00      5.00       6.006820       0.011089       0.011089        24      23.0      24.0       0.332179     134.059998     257.160004      48.259998      58.529999     -44.400002    -128.679993
     45.00     10.00       2.013640       0.007563       0.007563        24      23.0      24.0       0.332179     129.039993     252.199997      60.000000      46.549999     -52.570000    -136.470001
     50.00    -20.00      25.972710       0.037713       0.037713        24      23.0      24.0       0.332179      33.400002     245.080002      65.190002      28.520000      75.480003     118.470001
     50.00    -15.00      21.979530       0.038897       0.038897        24      23.0      24.0       0.332179     355.750000     259.959991      85.349998      38.880001      51.349998     172.589996
     50.00    -10.00      17.986361       0.028610       0.028610        24      23.0      24.0       0.332179     165.869995     263.420013      81.250000      49.509998     -41.060001    -168.460007
     50.00     -5.00      13.993180       0.015211       0.015211        24      23.0      24.0       0.332179      84.650002     186.690002      80.820000      37.750000     126.779999      15.100000
     50.00      0.00      10.000000       0.015553       0.015553        24      23.0      24.0       0.332179      39.250000     291.239990      86.800003      10.240000      80.269997     161.720001
     50.00      5.00       6.006820       0.022655       0.022655        24      23.0      24.0       0.332179     115.610001     231.679993      34.549999      73.160004     -30.719999    -120.620003
     50.00     10.00       2.013640       0.017294       0.017294        24      23.0      24.0       0.332179     136.850006     255.360001      63.779999      45.910000     -50.860001    -142.029999
