      xloc      yloc          depth         ave SR         max SR         #     start       end     max SR all       strike 1       strike 2          dip 1          dip 2         rake 1         rake 2
    -50.00    -20.00      25.972710       0.065252       0.065252        23      22.0      23.0       0.332179      76.220001     335.119995      18.049999      86.410004    -168.339996     -72.300003
    -50.00    -15.00      21.979530       0.067693       0.067693        23      22.0      23.0       0.332179      85.830002     350.140015      16.549999      88.309998    -174.059998     -73.529999
    -50.00    -10.00      17.986361       0.039610       0.039610        23      22.0      23.0       0.332179     176.990005      64.550003      81.320000      21.790001      69.940002     156.020004
    -50.00     -5.00      13.993180       0.034961       0.034961        23      22.0      23.0       0.332179      90.839996     229.410004      63.279999      33.869999     111.650002      53.759998
    -50.00      0.00      10.000000       0.069256       0.069256        23      22.0      23.0       0.332179      66.220001     287.730011      57.860001      40.000000      64.790001     124.139999
    -50.00      5.00       6.006820       0.051824       0.051824        23      22.0      23.0       0.332179      54.709999     288.579987      62.490002      41.450001      57.680000     135.750000
    -50.00     10.00       2.013640       0.019066       0.019066        23      22.0      23.0       0.332179      69.589996     272.730011      60.330002      31.780001      78.059998     109.959999
    -45.00    -20.00      25.972710       0.062847       0.062847        23      22.0      23.0       0.332179      58.650002     309.309998      42.630001      73.050003    -154.500000     -50.279999
    -45.00    -15.00      21.979530       0.061640       0.061640        23      22.0      23.0       0.332179     317.170013      65.610001      67.250000      52.970001     -40.770000    -151.029999
    -45.00    -10.00      17.986361       0.045965       0.045965        23      22.0      23.0       0.332179     171.080002      47.939999      78.489998      20.420000      73.010002     145.130005
    -45.00     -5.00      13.993180       0.054096       0.054096        23      22.0      23.0       0.332179      94.290001     245.009995      59.889999      33.619999     105.709999      64.959999
    -45.00      0.00      10.000000       0.073963       0.073963        23      22.0      23.0       0.332179      74.779999     278.760010      53.820000      38.680000      75.290001     109.150002
    -45.00      5.00       6.006820       0.044674       0.044674        23      22.0      23.0       0.332179      58.660000     288.609985      60.209999      41.650002      59.419998     131.619995
    -45.00     10.00       2.013640       0.014874       0.014874        23      22.0      23.0       0.332179     114.180000     211.800003      76.769997      60.560001     149.669998      15.240000
    -40.00    -20.00      25.972710       0.040221       0.040221        23      22.0      23.0       0.332179      53.740002     299.470001      42.900002      69.099998    -148.389999     -51.650002
    -40.00    -15.00      21.979530       0.024510       0.024510        23      22.0      23.0       0.332179      67.110001     305.839996      55.450001      52.980000    -133.029999     -45.250000
    -40.00    -10.00      17.986361       0.002339       0.002339        23      22.0      23.0       0.332179      62.849998     227.919998      15.440000      75.059998     104.419998      86.070000
    -40.00     -5.00      13.993180       0.002337       0.002337        23      22.0      23.0       0.332179      83.940002     301.730011      67.019997      28.219999    -106.839996     -55.660000
    -40.00      0.00      10.000000       0.003893       0.003893        23      22.0      23.0       0.332179      98.169998     260.859985      44.250000      47.080002     -77.419998    -101.980003
    -40.00      5.00       6.006820       0.001074       0.001074        23      22.0      23.0       0.332179     114.480003      14.490000      45.590000      79.949997    -165.869995     -45.290001
    -40.00     10.00       2.013640       0.001426       0.001426        23      22.0      23.0       0.332179     108.410004     343.700012      41.970001      62.880001    -137.020004     -56.650002
    -35.00    -20.00      25.972710       0.002186       0.002186        23      22.0      23.0       0.332179      43.930000     313.739990      89.940002      17.570000      72.430000     179.800003
    -35.00    -15.00      21.979530       0.000000       0.000000        23      22.0      23.0       0.332179     180.000000     360.000000      45.000000      45.000000      90.000000      90.000000
    -35.00    -10.00      17.986361       0.000000       0.000000        23      22.0      23.0       0.332179     180.000000     360.000000      45.000000      45.000000      90.000000      90.000000
    -35.00     -5.00      13.993180       0.000000       0.000000        23      22.0      23.0       0.332179     180.000000     360.000000      45.000000      45.000000      90.000000      90.000000
    -35.00      0.00      10.000000       0.000000       0.000000        23      22.0      23.0       0.332179     180.000000     360.000000      45.000000      45.000000      90.000000      90.000000
    -35.00      5.00       6.006820       0.000000       0.000000        23      22.0      23.0       0.332179     180.000000     360.000000      45.000000      45.000000      90.000000      90.000000
    -35.00     10.00       2.013640       0.000000       0.000000        23      22.0      23.0       0.332179     180.000000     360.000000      45.000000      45.000000      90.000000      90.000000
    -30.00    -20.00      25.972710       0.000000       0.000000        23      22.0      23.0       0.332179     180.000000     360.000000      45.000000      45.000000      90.000000      90.000000
    -30.00    -15.00      21.979530       0.000000       0.000000        23      22.0      23.0       0.332179     180.000000     360.000000      45.000000      45.000000      90.000000      90.000000
    -30.00    -10.00      17.986361       0.000000       0.000000        23      22.0      23.0       0.332179     180.000000     360.000000      45.000000      45.000000      90.000000      90.000000
    -30.00     -5.00      13.993180       0.000000       0.000000        23      22.0      23.0       0.332179     180.000000     360.000000      45.000000      45.000000      90.000000      90.000000
    -30.00      0.00      10.000000       0.000000       0.000000        23      22.0      23.0       0.332179     180.000000     360.000000      45.000000      45.000000      90.000000      90.000000
    -30.00      5.00       6.006820       0.000000       0.000000        23      22.0      23.0       0.332179     180.000000     360.000000      45.000000      45.000000      90.000000      90.000000
    -30.00     10.00       2.013640       0.000000       0.000000        23      22.0      23.0       0.332179     180.000000     360.000000      45.000000      45.000000      90.000000      90.000000
    -25.00    -20.00      25.972710       0.000000       0.000000        23      22.0      23.0       0.332179     180.000000     360.000000      45.000000      45.000000      90.000000      90.000000
    -25.00    -15.00      21.979530       0.000000       0.000000        23      22.0      23.0       0.332179     180.000000     360.000000      45.000000      45.000000      90.000000      90.000000
    -25.00    -10.00      17.986361       0.000000       0.000000        23      22.0      23.0       0.332179     180.000000     360.000000      45.000000      45.000000      90.000000      90.000000
    -25.00     -5.00      13.993180       0.000000       0.000000        23      22.0      23.0       0.332179     180.000000     360.000000      45.000000      45.000000      90.000000      90.000000
    -25.00      0.00      10.000000       0.000000       0.000000        23      22.0      23.0       0.332179     180.000000     360.000000      45.000000      45.000000      90.000000      90.000000
    -25.00      5.00       6.006820       0.000000       0.000000        23      22.0      23.0       0.332179     180.000000     360.000000      45.000000      45.000000      90.000000      90.000000
    -25.00     10.00       2.013640       0.000000       0.000000        23      22.0      23.0       0.332179     180.000000     360.000000      45.000000      45.000000      90.000000      90.000000
    -20.00    -20.00      25.972710       0.000000       0.000000        23      22.0      23.0       0.332179     180.000000     360.000000      45.000000      45.000000      90.000000      90.000000
    -20.00    -15.00      21.979530       0.000000       0.000000        23      22.0      23.0       0.332179     180.000000     360.000000      45.000000      45.000000      90.000000      90.000000
    -20.00    -10.00      17.986361       0.000000       0.000000        23      22.0      23.0       0.332179     180.000000     360.000000      45.000000      45.000000      90.000000      90.000000
    -20.00     -5.00      13.993180       0.000000       0.000000        23      22.0      23.0       0.332179     180.000000     360.000000      45.000000      45.000000      90.000000      90.000000
    -20.00      0.00      10.000000       0.000000       0.000000        23      22.0      23.0       0.332179     180.000000     360.000000      45.000000      45.000000      90.000000      90.000000
    -20.00      5.00       6.006820       0.000000       0.000000        23      22.0      23.0       0.332179     180.000000     360.000000      45.000000      45.000000      90.000000      90.000000
    -20.00     10.00       2.013640       0.000000       0.000000        23      22.0      23.0       0.332179     180.000000     360.000000      45.000000      45.000000      90.000000      90.000000
    -15.00    -20.00      25.972710       0.000000       0.000000        23      22.0      23.0       0.332179     180.000000     360.000000      45.000000      45.000000      90.000000      90.000000
    -15.00    -15.00      21.979530       0.000000       0.000000        23      22.0      23.0       0.332179     180.000000     360.000000      45.000000      45.000000      90.000000      90.000000
    -15.00    -10.00      17.986361       0.000000       0.000000        23      22.0      23.0       0.332179     180.000000     360.000000      45.000000      45.000000      90.000000      90.000000
    -15.00     -5.00      13.993180       0.000000       0.000000        23      22.0      23.0       0.332179     180.000000     360.000000      45.000000      45.000000      90.000000      90.000000
    -15.00      0.00      10.000000       0.000000       0.000000        23      22.0      23.0       0.332179     180.000000     360.000000      45.000000      45.000000      90.000000      90.000000
    -15.00      5.00       6.006820       0.000000       0.000000        23      22.0      23.0       0.332179     180.000000     360.000000      45.000000      45.000000      90.000000      90.000000
    -15.00     10.00       2.013640       0.000000       0.000000        23      22.0      23.0       0.332179     180.000000     360.000000      45.000000      45.000000      90.000000      90.000000
    -10.00    -20.00      25.972710       0.000000       0.000000        23      22.0      23.0       0.332179     180.000000     360.000000      45.000000      45.000000      90.000000      90.000000
    -10.00    -15.00      21.979530       0.000000       0.000000        23      22.0      23.0       0.332179     180.000000     360.000000      45.000000      45.000000      90.000000      90.000000
    -10.00    -10.00      17.986361       0.000000       0.000000        23      22.0      23.0       0.332179     180.000000     360.000000      45.000000      45.000000      90.000000      90.000000
    -10.00     -5.00      13.993180       0.000000       0.000000        23      22.0      23.0       0.332179     180.000000     360.000000      45.000000      45.000000      90.000000      90.000000
    -10.00      0.00      10.000000       0.000000       0.000000        23      22.0      23.0       0.332179     180.000000     360.000000      45.000000      45.000000      90.000000      90.000000
    -10.00      5.00       6.006820       0.000000       0.000000        23      22.0      23.0       0.332179     180.000000     360.000000      45.000000      45.000000      90.000000      90.000000
    -10.00     10.00       2.013640       0.000000       0.000000        23      22.0      23.0       0.332179     180.000000     360.000000      45.000000      45.000000      90.000000      90.000000
     -5.00    -20.00      25.972710       0.000000       0.000000        23      22.0      23.0       0.332179     180.000000     360.000000      45.000000      45.000000      90.000000      90.000000
     -5.00    -15.00      21.979530       0.000000       0.000000        23      22.0      23.0       0.332179     180.000000     360.000000      45.000000      45.000000      90.000000      90.000000
     -5.00    -10.00      17.986361       0.000000       0.000000        23      22.0      23.0       0.332179     180.000000     360.000000      45.000000      45.000000      90.000000      90.000000
     -5.00     -5.00      13.993180       0.000000       0.000000        23      22.0      23.0       0.332179     180.000000     360.000000      45.000000      45.000000      90.000000      90.000000
     -5.00      0.00      10.000000       0.000000       0.000000        23      22.0      23.0       0.332179     180.000000     360.000000      45.000000      45.000000      90.000000      90.000000
     -5.00      5.00       6.006820       0.000000       0.000000        23      22.0      23.0       0.332179     180.000000     360.000000      45.000000      45.000000      90.000000      90.000000
     -5.00     10.00       2.013640       0.000000       0.000000        23      22.0      23.0       0.332179     180.000000     360.000000      45.000000      45.000000      90.000000      90.000000
      0.00    -20.00      25.972710       0.000000       0.000000        23      22.0      23.0       0.332179     180.000000     360.000000      45.000000      45.000000      90.000000      90.000000
      0.00    -15.00      21.979530       0.000000       0.000000        23      22.0      23.0       0.332179     180.000000     360.000000      45.000000      45.000000      90.000000      90.000000
      0.00    -10.00      17.986361       0.000000       0.000000        23      22.0      23.0       0.332179     180.000000     360.000000      45.000000      45.000000      90.000000      90.000000
      0.00     -5.00      13.993180       0.000000       0.000000        23      22.0      23.0       0.332179     180.000000     360.000000      45.000000      45.000000      90.000000      90.000000
      0.00      0.00      10.000000       0.000000       0.000000        23      22.0      23.0       0.332179     180.000000     360.000000      45.000000      45.000000      90.000000      90.000000
      0.00      5.00       6.006820       0.000000       0.000000        23      22.0      23.0       0.332179     180.000000     360.000000      45.000000      45.000000      90.000000      90.000000
      0.00     10.00       2.013640       0.000000       0.000000        23      22.0      23.0       0.332179     180.000000     360.000000      45.000000      45.000000      90.000000      90.000000
      5.00    -20.00      25.972710       0.000000       0.000000        23      22.0      23.0       0.332179     180.000000     360.000000      45.000000      45.000000      90.000000      90.000000
      5.00    -15.00      21.979530       0.000000       0.000000        23      22.0      23.0       0.332179     180.000000     360.000000      45.000000      45.000000      90.000000      90.000000
      5.00    -10.00      17.986361       0.000000       0.000000        23      22.0      23.0       0.332179     180.000000     360.000000      45.000000      45.000000      90.000000      90.000000
      5.00     -5.00      13.993180       0.000000       0.000000        23      22.0      23.0       0.332179     180.000000     360.000000      45.000000      45.000000      90.000000      90.000000
      5.00      0.00      10.000000       0.000000       0.000000        23      22.0      23.0       0.332179     180.000000     360.000000      45.000000      45.000000      90.000000      90.000000
      5.00      5.00       6.006820       0.000000       0.000000        23      22.0      23.0       0.332179     180.000000     360.000000      45.000000      45.000000      90.000000      90.000000
      5.00     10.00       2.013640       0.000000       0.000000        23      22.0      23.0       0.332179     180.000000     360.000000      45.000000      45.000000      90.000000      90.000000
     10.00    -20.00      25.972710       0.000000       0.000000        23      22.0      23.0       0.332179     180.000000     360.000000      45.000000      45.000000      90.000000      90.000000
     10.00    -15.00      21.979530       0.000000       0.000000        23      22.0      23.0       0.332179     180.000000     360.000000      45.000000      45.000000      90.000000      90.000000
     10.00    -10.00      17.986361       0.000000       0.000000        23      22.0      23.0       0.332179     180.000000     360.000000      45.000000      45.000000      90.000000      90.000000
     10.00     -5.00      13.993180       0.000000       0.000000        23      22.0      23.0       0.332179     180.000000     360.000000      45.000000      45.000000      90.000000      90.000000
     10.00      0.00      10.000000       0.000000       0.000000        23      22.0      23.0       0.332179     180.000000     360.000000      45.000000      45.000000      90.000000      90.000000
     10.00      5.00       6.006820       0.000000       0.000000        23      22.0      23.0       0.332179     180.000000     360.000000      45.000000      45.000000      90.000000      90.000000
     10.00     10.00       2.013640       0.000000       0.000000        23      22.0      23.0       0.332179     180.000000     360.000000      45.000000      45.000000      90.000000      90.000000
     15.00    -20.00      25.972710       0.000000       0.000000        23      22.0      23.0       0.332179     180.000000     360.000000      45.000000      45.000000      90.000000      90.000000
     15.00    -15.00      21.979530       0.000000       0.000000        23      22.0      23.0       0.332179     180.000000     360.000000      45.000000      45.000000      90.000000      90.000000
     15.00    -10.00      17.986361       0.000000       0.000000        23      22.0      23.0       0.332179     180.000000     360.000000      45.000000      45.000000      90.000000      90.000000
     15.00     -5.00      13.993180       0.000000       0.000000        23      22.0      23.0       0.332179     180.000000     360.000000      45.000000      45.000000      90.000000      90.000000
     15.00      0.00      10.000000       0.000000       0.000000        23      22.0      23.0       0.332179     180.000000     360.000000      45.000000      45.000000      90.000000      90.000000
     15.00      5.00       6.006820       0.000000       0.000000        23      22.0      23.0       0.332179     180.000000     360.000000      45.000000      45.000000      90.000000      90.000000
     15.00     10.00       2.013640       0.000000       0.000000        23      22.0      23.0       0.332179     180.000000     360.000000      45.000000      45.000000      90.000000      90.000000
     20.00    -20.00      25.972710       0.000000       0.000000        23      22.0      23.0       0.332179     180.000000     360.000000      45.000000      45.000000      90.000000      90.000000
     20.00    -15.00      21.979530       0.000000       0.000000        23      22.0      23.0       0.332179     180.000000     360.000000      45.000000      45.000000      90.000000      90.000000
     20.00    -10.00      17.986361       0.000000       0.000000        23      22.0      23.0       0.332179     180.000000     360.000000      45.000000      45.000000      90.000000      90.000000
     20.00     -5.00      13.993180       0.000000       0.000000        23      22.0      23.0       0.332179     180.000000     360.000000      45.000000      45.000000      90.000000      90.000000
     20.00      0.00      10.000000       0.000000       0.000000        23      22.0      23.0       0.332179     180.000000     360.000000      45.000000      45.000000      90.000000      90.000000
     20.00      5.00       6.006820       0.000000       0.000000        23      22.0      23.0       0.332179     180.000000     360.000000      45.000000      45.000000      90.000000      90.000000
     20.00     10.00       2.013640       0.000000       0.000000        23      22.0      23.0       0.332179     180.000000     360.000000      45.000000      45.000000      90.000000      90.000000
     25.00    -20.00      25.972710       0.000000       0.000000        23      22.0      23.0       0.332179     180.000000     360.000000      45.000000      45.000000      90.000000      90.000000
     25.00    -15.00      21.979530       0.000000       0.000000        23      22.0      23.0       0.332179     180.000000     360.000000      45.000000      45.000000      90.000000      90.000000
     25.00    -10.00      17.986361       0.000000       0.000000        23      22.0      23.0       0.332179     180.000000     360.000000      45.000000      45.000000      90.000000      90.000000
     25.00     -5.00      13.993180       0.000000       0.000000        23      22.0      23.0       0.332179     180.000000     360.000000      45.000000      45.000000      90.000000      90.000000
     25.00      0.00      10.000000       0.000000       0.000000        23      22.0      23.0       0.332179     180.000000     360.000000      45.000000      45.000000      90.000000      90.000000
     25.00      5.00       6.006820       0.000000       0.000000        23      22.0      23.0       0.332179     180.000000     360.000000      45.000000      45.000000      90.000000      90.000000
     25.00     10.00       2.013640       0.000000       0.000000        23      22.0      23.0       0.332179     180.000000     360.000000      45.000000      45.000000      90.000000      90.000000
     30.00    -20.00      25.972710       0.000000       0.000000        23      22.0      23.0       0.332179     180.000000     360.000000      45.000000      45.000000      90.000000      90.000000
     30.00    -15.00      21.979530       0.000000       0.000000        23      22.0      23.0       0.332179     180.000000     360.000000      45.000000      45.000000      90.000000      90.000000
     30.00    -10.00      17.986361       0.000000       0.000000        23      22.0      23.0       0.332179     180.000000     360.000000      45.000000      45.000000      90.000000      90.000000
     30.00     -5.00      13.993180       0.000000       0.000000        23      22.0      23.0       0.332179     180.000000     360.000000      45.000000      45.000000      90.000000      90.000000
     30.00      0.00      10.000000       0.000000       0.000000        23      22.0      23.0       0.332179     180.000000     360.000000      45.000000      45.000000      90.000000      90.000000
     30.00      5.00       6.006820       0.000000       0.000000        23      22.0      23.0       0.332179     180.000000     360.000000      45.000000      45.000000      90.000000      90.000000
     30.00     10.00       2.013640       0.000000       0.000000        23      22.0      23.0       0.332179     180.000000     360.000000      45.000000      45.000000      90.000000      90.000000
     35.00    -20.00      25.972710       0.001142       0.001142        23      22.0      23.0       0.332179     281.880005     191.820007      89.959999      38.470001      51.529999     179.940002
     35.00    -15.00      21.979530       0.000000       0.000000        23      22.0      23.0       0.332179     180.000000     360.000000      45.000000      45.000000      90.000000      90.000000
     35.00    -10.00      17.986361       0.000000       0.000000        23      22.0      23.0       0.332179     180.000000     360.000000      45.000000      45.000000      90.000000      90.000000
     35.00     -5.00      13.993180       0.000000       0.000000        23      22.0      23.0       0.332179     180.000000     360.000000      45.000000      45.000000      90.000000      90.000000
     35.00      0.00      10.000000       0.000000       0.000000        23      22.0      23.0       0.332179     180.000000     360.000000      45.000000      45.000000      90.000000      90.000000
     35.00      5.00       6.006820       0.000000       0.000000        23      22.0      23.0       0.332179     180.000000     360.000000      45.000000      45.000000      90.000000      90.000000
     35.00     10.00       2.013640       0.000000       0.000000        23      22.0      23.0       0.332179     180.000000     360.000000      45.000000      45.000000      90.000000      90.000000
     40.00    -20.00      25.972710       0.026966       0.026966        23      22.0      23.0       0.332179     199.699997     325.140015      11.870000      83.050003     143.970001      80.360001
     40.00    -15.00      21.979530       0.020423       0.020423        23      22.0      23.0       0.332179      97.500000     264.609985      49.130001      41.590000      98.519997      80.290001
     40.00    -10.00      17.986361       0.001867       0.001867        23      22.0      23.0       0.332179     181.869995      43.830002      60.810001      36.919998      66.309998     125.720001
     40.00     -5.00      13.993180       0.001773       0.001773        23      22.0      23.0       0.332179     109.629997     240.410004      61.080002      40.230000     -60.720001    -131.509995
     40.00      0.00      10.000000       0.003579       0.003579        23      22.0      23.0       0.332179     108.370003     231.639999      51.509998      55.400002     -46.509998    -130.869995
     40.00      5.00       6.006820       0.002703       0.002703        23      22.0      23.0       0.332179     120.570000     250.509995      62.450001      39.099998     -61.080002    -132.830002
     40.00     10.00       2.013640       0.002230       0.002230        23      22.0      23.0       0.332179     113.519997     245.470001      55.860001      45.400002     -58.020000    -128.000000
     45.00    -20.00      25.972710       0.044595       0.044595        23      22.0      23.0       0.332179       8.950000     252.850006      74.519997      32.200001      61.410000     149.940002
     45.00    -15.00      21.979530       0.041357       0.041357        23      22.0      23.0       0.332179     236.690002       5.990000      21.059999      76.300003     138.750000      73.860001
     45.00    -10.00      17.986361       0.044999       0.044999        23      22.0      23.0       0.332179     130.389999      24.049999       8.450000      87.610001      16.510000      98.110001
     45.00     -5.00      13.993180       0.049511       0.049511        23      22.0      23.0       0.332179     113.730003     212.110001      30.219999      85.150002      -9.670000    -119.870003
     45.00      0.00      10.000000       0.047884       0.047884        23      22.0      23.0       0.332179     244.110001     352.279999       0.800000      89.750000     161.830002      89.239998
     45.00      5.00       6.006820       0.026337       0.026337        23      22.0      23.0       0.332179     152.240005     267.149994      78.239998      26.299999     -66.309998    -152.619995
     45.00     10.00       2.013640       0.025513       0.025513        23      22.0      23.0       0.332179     123.930000     246.990005      60.439999      46.110001     -52.840000    -136.800003
     50.00    -20.00      25.972710       0.043659       0.043659        23      22.0      23.0       0.332179     232.130005      33.279999      20.780001      70.239998     107.709999      83.419998
     50.00    -15.00      21.979530       0.042245       0.042245        23      22.0      23.0       0.332179       8.880000     262.179993      82.309998      25.170000      65.959999     161.660004
     50.00    -10.00      17.986361       0.032044       0.032044        23      22.0      23.0       0.332179     136.440002      41.570000      11.440000      89.019997       4.970000     101.400002
     50.00     -5.00      13.993180       0.035363       0.035363        23      22.0      23.0       0.332179     115.419998     212.130005      24.950001      86.889999      -7.390000    -114.769997
     50.00      0.00      10.000000       0.037777       0.037777        23      22.0      23.0       0.332179     164.899994     356.739990       3.310000      86.760002      78.180000      90.680000
     50.00      5.00       6.006820       0.026945       0.026945        23      22.0      23.0       0.332179     175.779999     281.649994      87.370003       9.540000     -80.830002    -163.919998
     50.00     10.00       2.013640       0.023042       0.023042        23      22.0      23.0       0.332179     130.630005     249.600006      63.869999      45.369999     -51.490002    -141.759995
