  -50.0000000      -20.0000000      0.500583053       6.52519986E-02
  -50.0000000      -15.0000000      0.535375059       7.10370019E-02
  -50.0000000      -10.0000000      0.432072043       5.30969985E-02
  -50.0000000      -5.00000000      0.429013044       5.42449988E-02
  -50.0000000       0.00000000      0.550698936       6.92560002E-02
  -50.0000000       5.00000000      0.578980982       6.93320036E-02
  -50.0000000       10.0000000      0.487584025       6.40050024E-02
  -45.0000000      -20.0000000      0.554639041       6.72790036E-02
  -45.0000000      -15.0000000      0.682169080       8.03510025E-02
  -45.0000000      -10.0000000      0.589941025       6.22150004E-02
  -45.0000000      -5.00000000      0.593883038       7.99880028E-02
  -45.0000000       0.00000000      0.862429976      0.101338997    
  -45.0000000       5.00000000      0.952758014      0.107225999    
  -45.0000000       10.0000000      0.912395000      0.117898002    
  -40.0000000      -20.0000000      0.639106870       8.74439999E-02
  -40.0000000      -15.0000000      0.712778032      0.107634000    
  -40.0000000      -10.0000000      0.566965997       6.68369979E-02
  -40.0000000      -5.00000000      0.740397036       7.67690018E-02
  -40.0000000       0.00000000       1.14452994      0.125986993    
  -40.0000000       5.00000000       1.36636186      0.152211994    
  -40.0000000       10.0000000       1.37957311      0.162606999    
  -35.0000000      -20.0000000      0.605624080       8.36940035E-02
  -35.0000000      -15.0000000      0.674539089       8.19680020E-02
  -35.0000000      -10.0000000      0.525325954       5.34959994E-02
  -35.0000000      -5.00000000      0.815982044      0.104681998    
  -35.0000000       0.00000000       1.33852696      0.169308007    
  -35.0000000       5.00000000       1.63758576      0.201622993    
  -35.0000000       10.0000000       1.71198308      0.210456997    
  -30.0000000      -20.0000000      0.544138014       6.18220009E-02
  -30.0000000      -15.0000000      0.629631996       6.69239983E-02
  -30.0000000      -10.0000000      0.549831986       6.29599988E-02
  -30.0000000      -5.00000000       1.00249600      0.122005001    
  -30.0000000       0.00000000       1.48083699      0.196741000    
  -30.0000000       5.00000000       1.81139588      0.231897995    
  -30.0000000       10.0000000       1.91312504      0.242302999    
  -25.0000000      -20.0000000      0.480336994       6.52090013E-02
  -25.0000000      -15.0000000      0.505968988       6.68049976E-02
  -25.0000000      -10.0000000      0.564068913       7.84839988E-02
  -25.0000000      -5.00000000       1.13717592      0.145336002    
  -25.0000000       0.00000000       1.58759999      0.201591998    
  -25.0000000       5.00000000       1.95005107      0.246088997    
  -25.0000000       10.0000000       2.08173394      0.258610010    
  -20.0000000      -20.0000000      0.426269978       5.72770014E-02
  -20.0000000      -15.0000000      0.389963984       5.65549992E-02
  -20.0000000      -10.0000000      0.630767047       8.31919983E-02
  -20.0000000      -5.00000000       1.20878494      0.169643998    
  -20.0000000       0.00000000       1.74324214      0.218052000    
  -20.0000000       5.00000000       2.21610022      0.259894013    
  -20.0000000       10.0000000       2.31114602      0.272170007    
  -15.0000000      -20.0000000      0.426638961       6.46390021E-02
  -15.0000000      -15.0000000      0.445679992       5.85570000E-02
  -15.0000000      -10.0000000      0.623245001       8.17549974E-02
  -15.0000000      -5.00000000       1.13619697      0.176695004    
  -15.0000000       0.00000000       1.77999187      0.244815007    
  -15.0000000       5.00000000       2.28956604      0.286399990    
  -15.0000000       10.0000000       2.40140200      0.297690004    
  -10.0000000      -20.0000000      0.454178959       5.90070002E-02
  -10.0000000      -15.0000000      0.484474987       7.03539997E-02
  -10.0000000      -10.0000000      0.640815973       8.31800029E-02
  -10.0000000      -5.00000000       1.24450994      0.173510000    
  -10.0000000       0.00000000       1.87442899      0.249164000    
  -10.0000000       5.00000000       2.37743688      0.291752011    
  -10.0000000       10.0000000       2.53917122      0.315598011    
  -5.00000000      -20.0000000      0.445299000       5.08989990E-02
  -5.00000000      -15.0000000      0.511261046       5.94500005E-02
  -5.00000000      -10.0000000      0.708858013       8.39850008E-02
  -5.00000000      -5.00000000       1.49283409      0.167088002    
  -5.00000000       0.00000000       2.08303285      0.231288001    
  -5.00000000       5.00000000       2.51204085      0.311630011    
  -5.00000000       10.0000000       2.65455675      0.329205006    
   0.00000000      -20.0000000      0.467911988       6.09279983E-02
   0.00000000      -15.0000000      0.504836023       6.19419999E-02
   0.00000000      -10.0000000      0.629363894       8.98450017E-02
   0.00000000      -5.00000000       1.48039901      0.190650001    
   0.00000000       0.00000000       2.06647801      0.244508997    
   0.00000000       5.00000000       2.50600719      0.308611006    
   0.00000000       10.0000000       2.63290834      0.332179010    
   5.00000000      -20.0000000      0.450245976       6.41240031E-02
   5.00000000      -15.0000000      0.477844983       5.49900010E-02
   5.00000000      -10.0000000      0.644935012       9.15850028E-02
   5.00000000      -5.00000000       1.33750701      0.189129993    
   5.00000000       0.00000000       1.86249292      0.240530998    
   5.00000000       5.00000000       2.27388811      0.292815000    
   5.00000000       10.0000000       2.40077996      0.305083007    
   10.0000000      -20.0000000      0.458032995       5.68489991E-02
   10.0000000      -15.0000000      0.557659984       7.34649971E-02
   10.0000000      -10.0000000      0.646211982       9.91749987E-02
   10.0000000      -5.00000000       1.06120098      0.164476007    
   10.0000000       0.00000000       1.52827191      0.202079996    
   10.0000000       5.00000000       1.91207206      0.243754998    
   10.0000000       10.0000000       1.98491585      0.248064995    
   15.0000000      -20.0000000      0.418428987       4.84969988E-02
   15.0000000      -15.0000000      0.502124012       7.56089985E-02
   15.0000000      -10.0000000      0.487767011      0.100240000    
   15.0000000      -5.00000000      0.773775995      0.127882004    
   15.0000000       0.00000000       1.16362000      0.136755005    
   15.0000000       5.00000000       1.50626695      0.166876003    
   15.0000000       10.0000000       1.56965792      0.178949997    
   20.0000000      -20.0000000      0.435007006       4.88779992E-02
   20.0000000      -15.0000000      0.452959031       5.38109988E-02
   20.0000000      -10.0000000      0.379588038       8.23300034E-02
   20.0000000      -5.00000000      0.560286999       6.37279972E-02
   20.0000000       0.00000000      0.863485098      0.102467000    
   20.0000000       5.00000000       1.15773714      0.145788997    
   20.0000000       10.0000000       1.31484103      0.155846998    
   25.0000000      -20.0000000      0.494850993       6.64729998E-02
   25.0000000      -15.0000000      0.538272977       8.46000016E-02
   25.0000000      -10.0000000      0.387329996       6.93859980E-02
   25.0000000      -5.00000000      0.547026992       5.79649992E-02
   25.0000000       0.00000000      0.823560059      0.113839999    
   25.0000000       5.00000000       1.10667801      0.143215001    
   25.0000000       10.0000000       1.21539986      0.153979003    
   30.0000000      -20.0000000      0.416025937       5.33900000E-02
   30.0000000      -15.0000000      0.454105973       5.78759983E-02
   30.0000000      -10.0000000      0.329487026       4.98760007E-02
   30.0000000      -5.00000000      0.528230011       5.97009994E-02
   30.0000000       0.00000000      0.882292032      0.106642000    
   30.0000000       5.00000000       1.19324100      0.141488001    
   30.0000000       10.0000000       1.23572302      0.144280002    
   35.0000000      -20.0000000      0.355883002       6.75870031E-02
   35.0000000      -15.0000000      0.429473013       6.51369989E-02
   35.0000000      -10.0000000      0.350972980       5.26529998E-02
   35.0000000      -5.00000000      0.592458010       6.53909966E-02
   35.0000000       0.00000000      0.917639911       9.53299999E-02
   35.0000000       5.00000000       1.11506391      0.122378998    
   35.0000000       10.0000000       1.16337001      0.132254004    
   40.0000000      -20.0000000      0.371289998       4.17519994E-02
   40.0000000      -15.0000000      0.444954991       5.81910014E-02
   40.0000000      -10.0000000      0.447522998       6.39989972E-02
   40.0000000      -5.00000000      0.674728036       8.18969980E-02
   40.0000000       0.00000000      0.941156983      0.115907997    
   40.0000000       5.00000000       1.10209596      0.124099001    
   40.0000000       10.0000000       1.09767413      0.128490999    
   45.0000000      -20.0000000      0.436466008       4.65949997E-02
   45.0000000      -15.0000000      0.549439967       6.54489994E-02
   45.0000000      -10.0000000      0.547392964       6.40729964E-02
   45.0000000      -5.00000000      0.707293987       8.52430016E-02
   45.0000000       0.00000000      0.854471982      0.106376000    
   45.0000000       5.00000000      0.905785084      0.114192002    
   45.0000000       10.0000000      0.889663935      0.108579002    
   50.0000000      -20.0000000      0.379899025       4.36590016E-02
   50.0000000      -15.0000000      0.439231008       4.97730002E-02
   50.0000000      -10.0000000      0.474956989       5.35449982E-02
   50.0000000      -5.00000000      0.544802010       5.83290011E-02
   50.0000000       0.00000000      0.576084077       6.56460002E-02
   50.0000000       5.00000000      0.603587985       6.86160028E-02
   50.0000000       10.0000000      0.532285035       6.54100031E-02
