 xloc, ave SR, max SR
  -50.0000000      0.273200005      0.400999993    
  -45.0000000      0.385642856      0.586600006    
  -40.0000000      0.442057133      0.798099995    
  -35.0000000      0.491600007      0.945400000    
  -30.0000000      0.507357121       1.09689999    
  -25.0000000      0.494100034       1.11310005    
  -20.0000000      0.458257139       1.01629996    
  -15.0000000      0.540485740       1.08729994    
  -10.0000000      0.707757056       1.40789998    
  -5.00000000      0.883357167       1.67460001    
   0.00000000      0.973628581       1.86950004    
   5.00000000      0.967485726       1.83210003    
   10.0000000      0.893157125       1.69009995    
   15.0000000      0.895942807       1.66129994    
   20.0000000      0.916842878       1.75000000    
   25.0000000      0.893885732       1.66639996    
   30.0000000      0.787228584       1.54770005    
   35.0000000      0.626557171       1.28840005    
   40.0000000      0.526585698       1.05980003    
   45.0000000      0.338757128      0.656499982    
   50.0000000      0.146085709      0.257800013    
