      xloc      yloc          depth         ave SR         max SR         #     start       end     max SR all
    -50.00    -20.00      22.036301       0.034082       0.034082        26      25.0      26.0       0.247833
    -50.00    -15.00      19.027229       0.006941       0.006941        26      25.0      26.0       0.247833
    -50.00    -10.00      16.018150       0.007662       0.007662        26      25.0      26.0       0.247833
    -50.00     -5.00      13.009080       0.006219       0.006219        26      25.0      26.0       0.247833
    -50.00      0.00      10.000000       0.005361       0.005361        26      25.0      26.0       0.247833
    -50.00      5.00       6.990920       0.006689       0.006689        26      25.0      26.0       0.247833
    -50.00     10.00       3.981850       0.009596       0.009596        26      25.0      26.0       0.247833
    -45.00    -20.00      22.036301       0.000000       0.000000        26      25.0      26.0       0.247833
    -45.00    -15.00      19.027229       0.000000       0.000000        26      25.0      26.0       0.247833
    -45.00    -10.00      16.018150       0.000000       0.000000        26      25.0      26.0       0.247833
    -45.00     -5.00      13.009080       0.000000       0.000000        26      25.0      26.0       0.247833
    -45.00      0.00      10.000000       0.000000       0.000000        26      25.0      26.0       0.247833
    -45.00      5.00       6.990920       0.000000       0.000000        26      25.0      26.0       0.247833
    -45.00     10.00       3.981850       0.000000       0.000000        26      25.0      26.0       0.247833
    -40.00    -20.00      22.036301       0.000000       0.000000        26      25.0      26.0       0.247833
    -40.00    -15.00      19.027229       0.000000       0.000000        26      25.0      26.0       0.247833
    -40.00    -10.00      16.018150       0.000000       0.000000        26      25.0      26.0       0.247833
    -40.00     -5.00      13.009080       0.000000       0.000000        26      25.0      26.0       0.247833
    -40.00      0.00      10.000000       0.000000       0.000000        26      25.0      26.0       0.247833
    -40.00      5.00       6.990920       0.000000       0.000000        26      25.0      26.0       0.247833
    -40.00     10.00       3.981850       0.000000       0.000000        26      25.0      26.0       0.247833
    -35.00    -20.00      22.036301       0.000000       0.000000        26      25.0      26.0       0.247833
    -35.00    -15.00      19.027229       0.000000       0.000000        26      25.0      26.0       0.247833
    -35.00    -10.00      16.018150       0.000000       0.000000        26      25.0      26.0       0.247833
    -35.00     -5.00      13.009080       0.000000       0.000000        26      25.0      26.0       0.247833
    -35.00      0.00      10.000000       0.000000       0.000000        26      25.0      26.0       0.247833
    -35.00      5.00       6.990920       0.000000       0.000000        26      25.0      26.0       0.247833
    -35.00     10.00       3.981850       0.000000       0.000000        26      25.0      26.0       0.247833
    -30.00    -20.00      22.036301       0.000000       0.000000        26      25.0      26.0       0.247833
    -30.00    -15.00      19.027229       0.000000       0.000000        26      25.0      26.0       0.247833
    -30.00    -10.00      16.018150       0.000000       0.000000        26      25.0      26.0       0.247833
    -30.00     -5.00      13.009080       0.000000       0.000000        26      25.0      26.0       0.247833
    -30.00      0.00      10.000000       0.000000       0.000000        26      25.0      26.0       0.247833
    -30.00      5.00       6.990920       0.000000       0.000000        26      25.0      26.0       0.247833
    -30.00     10.00       3.981850       0.000000       0.000000        26      25.0      26.0       0.247833
    -25.00    -20.00      22.036301       0.000000       0.000000        26      25.0      26.0       0.247833
    -25.00    -15.00      19.027229       0.000000       0.000000        26      25.0      26.0       0.247833
    -25.00    -10.00      16.018150       0.000000       0.000000        26      25.0      26.0       0.247833
    -25.00     -5.00      13.009080       0.000000       0.000000        26      25.0      26.0       0.247833
    -25.00      0.00      10.000000       0.000000       0.000000        26      25.0      26.0       0.247833
    -25.00      5.00       6.990920       0.000000       0.000000        26      25.0      26.0       0.247833
    -25.00     10.00       3.981850       0.000000       0.000000        26      25.0      26.0       0.247833
    -20.00    -20.00      22.036301       0.000000       0.000000        26      25.0      26.0       0.247833
    -20.00    -15.00      19.027229       0.000000       0.000000        26      25.0      26.0       0.247833
    -20.00    -10.00      16.018150       0.000000       0.000000        26      25.0      26.0       0.247833
    -20.00     -5.00      13.009080       0.000000       0.000000        26      25.0      26.0       0.247833
    -20.00      0.00      10.000000       0.000000       0.000000        26      25.0      26.0       0.247833
    -20.00      5.00       6.990920       0.000000       0.000000        26      25.0      26.0       0.247833
    -20.00     10.00       3.981850       0.000000       0.000000        26      25.0      26.0       0.247833
    -15.00    -20.00      22.036301       0.000000       0.000000        26      25.0      26.0       0.247833
    -15.00    -15.00      19.027229       0.000000       0.000000        26      25.0      26.0       0.247833
    -15.00    -10.00      16.018150       0.000000       0.000000        26      25.0      26.0       0.247833
    -15.00     -5.00      13.009080       0.000000       0.000000        26      25.0      26.0       0.247833
    -15.00      0.00      10.000000       0.000000       0.000000        26      25.0      26.0       0.247833
    -15.00      5.00       6.990920       0.000000       0.000000        26      25.0      26.0       0.247833
    -15.00     10.00       3.981850       0.000000       0.000000        26      25.0      26.0       0.247833
    -10.00    -20.00      22.036301       0.000000       0.000000        26      25.0      26.0       0.247833
    -10.00    -15.00      19.027229       0.000000       0.000000        26      25.0      26.0       0.247833
    -10.00    -10.00      16.018150       0.000000       0.000000        26      25.0      26.0       0.247833
    -10.00     -5.00      13.009080       0.000000       0.000000        26      25.0      26.0       0.247833
    -10.00      0.00      10.000000       0.000000       0.000000        26      25.0      26.0       0.247833
    -10.00      5.00       6.990920       0.000000       0.000000        26      25.0      26.0       0.247833
    -10.00     10.00       3.981850       0.000000       0.000000        26      25.0      26.0       0.247833
     -5.00    -20.00      22.036301       0.000000       0.000000        26      25.0      26.0       0.247833
     -5.00    -15.00      19.027229       0.000000       0.000000        26      25.0      26.0       0.247833
     -5.00    -10.00      16.018150       0.000000       0.000000        26      25.0      26.0       0.247833
     -5.00     -5.00      13.009080       0.000000       0.000000        26      25.0      26.0       0.247833
     -5.00      0.00      10.000000       0.000000       0.000000        26      25.0      26.0       0.247833
     -5.00      5.00       6.990920       0.000000       0.000000        26      25.0      26.0       0.247833
     -5.00     10.00       3.981850       0.000000       0.000000        26      25.0      26.0       0.247833
      0.00    -20.00      22.036301       0.000000       0.000000        26      25.0      26.0       0.247833
      0.00    -15.00      19.027229       0.000000       0.000000        26      25.0      26.0       0.247833
      0.00    -10.00      16.018150       0.000000       0.000000        26      25.0      26.0       0.247833
      0.00     -5.00      13.009080       0.000000       0.000000        26      25.0      26.0       0.247833
      0.00      0.00      10.000000       0.000000       0.000000        26      25.0      26.0       0.247833
      0.00      5.00       6.990920       0.000000       0.000000        26      25.0      26.0       0.247833
      0.00     10.00       3.981850       0.000000       0.000000        26      25.0      26.0       0.247833
      5.00    -20.00      22.036301       0.000000       0.000000        26      25.0      26.0       0.247833
      5.00    -15.00      19.027229       0.000000       0.000000        26      25.0      26.0       0.247833
      5.00    -10.00      16.018150       0.000000       0.000000        26      25.0      26.0       0.247833
      5.00     -5.00      13.009080       0.000000       0.000000        26      25.0      26.0       0.247833
      5.00      0.00      10.000000       0.000000       0.000000        26      25.0      26.0       0.247833
      5.00      5.00       6.990920       0.000000       0.000000        26      25.0      26.0       0.247833
      5.00     10.00       3.981850       0.000000       0.000000        26      25.0      26.0       0.247833
     10.00    -20.00      22.036301       0.000000       0.000000        26      25.0      26.0       0.247833
     10.00    -15.00      19.027229       0.000000       0.000000        26      25.0      26.0       0.247833
     10.00    -10.00      16.018150       0.000000       0.000000        26      25.0      26.0       0.247833
     10.00     -5.00      13.009080       0.000000       0.000000        26      25.0      26.0       0.247833
     10.00      0.00      10.000000       0.000000       0.000000        26      25.0      26.0       0.247833
     10.00      5.00       6.990920       0.000000       0.000000        26      25.0      26.0       0.247833
     10.00     10.00       3.981850       0.000000       0.000000        26      25.0      26.0       0.247833
     15.00    -20.00      22.036301       0.000000       0.000000        26      25.0      26.0       0.247833
     15.00    -15.00      19.027229       0.000000       0.000000        26      25.0      26.0       0.247833
     15.00    -10.00      16.018150       0.000000       0.000000        26      25.0      26.0       0.247833
     15.00     -5.00      13.009080       0.000000       0.000000        26      25.0      26.0       0.247833
     15.00      0.00      10.000000       0.000000       0.000000        26      25.0      26.0       0.247833
     15.00      5.00       6.990920       0.000000       0.000000        26      25.0      26.0       0.247833
     15.00     10.00       3.981850       0.000000       0.000000        26      25.0      26.0       0.247833
     20.00    -20.00      22.036301       0.000000       0.000000        26      25.0      26.0       0.247833
     20.00    -15.00      19.027229       0.000000       0.000000        26      25.0      26.0       0.247833
     20.00    -10.00      16.018150       0.000000       0.000000        26      25.0      26.0       0.247833
     20.00     -5.00      13.009080       0.000000       0.000000        26      25.0      26.0       0.247833
     20.00      0.00      10.000000       0.000000       0.000000        26      25.0      26.0       0.247833
     20.00      5.00       6.990920       0.000000       0.000000        26      25.0      26.0       0.247833
     20.00     10.00       3.981850       0.000000       0.000000        26      25.0      26.0       0.247833
     25.00    -20.00      22.036301       0.000000       0.000000        26      25.0      26.0       0.247833
     25.00    -15.00      19.027229       0.000000       0.000000        26      25.0      26.0       0.247833
     25.00    -10.00      16.018150       0.000000       0.000000        26      25.0      26.0       0.247833
     25.00     -5.00      13.009080       0.000000       0.000000        26      25.0      26.0       0.247833
     25.00      0.00      10.000000       0.000000       0.000000        26      25.0      26.0       0.247833
     25.00      5.00       6.990920       0.000000       0.000000        26      25.0      26.0       0.247833
     25.00     10.00       3.981850       0.000000       0.000000        26      25.0      26.0       0.247833
     30.00    -20.00      22.036301       0.000000       0.000000        26      25.0      26.0       0.247833
     30.00    -15.00      19.027229       0.000000       0.000000        26      25.0      26.0       0.247833
     30.00    -10.00      16.018150       0.000000       0.000000        26      25.0      26.0       0.247833
     30.00     -5.00      13.009080       0.000000       0.000000        26      25.0      26.0       0.247833
     30.00      0.00      10.000000       0.000000       0.000000        26      25.0      26.0       0.247833
     30.00      5.00       6.990920       0.000000       0.000000        26      25.0      26.0       0.247833
     30.00     10.00       3.981850       0.000000       0.000000        26      25.0      26.0       0.247833
     35.00    -20.00      22.036301       0.000000       0.000000        26      25.0      26.0       0.247833
     35.00    -15.00      19.027229       0.000000       0.000000        26      25.0      26.0       0.247833
     35.00    -10.00      16.018150       0.000000       0.000000        26      25.0      26.0       0.247833
     35.00     -5.00      13.009080       0.000000       0.000000        26      25.0      26.0       0.247833
     35.00      0.00      10.000000       0.000000       0.000000        26      25.0      26.0       0.247833
     35.00      5.00       6.990920       0.000000       0.000000        26      25.0      26.0       0.247833
     35.00     10.00       3.981850       0.000000       0.000000        26      25.0      26.0       0.247833
     40.00    -20.00      22.036301       0.000000       0.000000        26      25.0      26.0       0.247833
     40.00    -15.00      19.027229       0.000000       0.000000        26      25.0      26.0       0.247833
     40.00    -10.00      16.018150       0.000000       0.000000        26      25.0      26.0       0.247833
     40.00     -5.00      13.009080       0.000000       0.000000        26      25.0      26.0       0.247833
     40.00      0.00      10.000000       0.000000       0.000000        26      25.0      26.0       0.247833
     40.00      5.00       6.990920       0.000000       0.000000        26      25.0      26.0       0.247833
     40.00     10.00       3.981850       0.000000       0.000000        26      25.0      26.0       0.247833
     45.00    -20.00      22.036301       0.000000       0.000000        26      25.0      26.0       0.247833
     45.00    -15.00      19.027229       0.000000       0.000000        26      25.0      26.0       0.247833
     45.00    -10.00      16.018150       0.000000       0.000000        26      25.0      26.0       0.247833
     45.00     -5.00      13.009080       0.000000       0.000000        26      25.0      26.0       0.247833
     45.00      0.00      10.000000       0.000000       0.000000        26      25.0      26.0       0.247833
     45.00      5.00       6.990920       0.000000       0.000000        26      25.0      26.0       0.247833
     45.00     10.00       3.981850       0.000000       0.000000        26      25.0      26.0       0.247833
     50.00    -20.00      22.036301       0.067598       0.067598        26      25.0      26.0       0.247833
     50.00    -15.00      19.027229       0.006509       0.006509        26      25.0      26.0       0.247833
     50.00    -10.00      16.018150       0.003330       0.003330        26      25.0      26.0       0.247833
     50.00     -5.00      13.009080       0.006194       0.006194        26      25.0      26.0       0.247833
     50.00      0.00      10.000000       0.004316       0.004316        26      25.0      26.0       0.247833
     50.00      5.00       6.990920       0.003313       0.003313        26      25.0      26.0       0.247833
     50.00     10.00       3.981850       0.008663       0.008663        26      25.0      26.0       0.247833
