 Time, xloc, ave SR, max SR
   0.00000000      -50.0000000       0.00000000       0.00000000    
   1.00000000      -50.0000000       0.00000000       0.00000000    
   2.00000000      -50.0000000       0.00000000       0.00000000    
   3.00000000      -50.0000000       0.00000000       0.00000000    
   4.00000000      -50.0000000       0.00000000       0.00000000    
   5.00000000      -50.0000000       0.00000000       0.00000000    
   6.00000000      -50.0000000       0.00000000       0.00000000    
   7.00000000      -50.0000000       0.00000000       0.00000000    
   8.00000000      -50.0000000       0.00000000       0.00000000    
   9.00000000      -50.0000000       0.00000000       0.00000000    
   10.0000000      -50.0000000       0.00000000       0.00000000    
   11.0000000      -50.0000000       1.21220006E-02   2.01810002E-02
   12.0000000      -50.0000000       3.40613350E-02   4.06510010E-02
   13.0000000      -50.0000000       3.93958353E-02   5.30820005E-02
   14.0000000      -50.0000000       3.71638350E-02   6.39239997E-02
   15.0000000      -50.0000000       3.79513353E-02   6.61420003E-02
   16.0000000      -50.0000000       3.95041667E-02   5.70520014E-02
   17.0000000      -50.0000000       4.05778326E-02   5.85739985E-02
   18.0000000      -50.0000000       4.03756648E-02   5.54400012E-02
   19.0000000      -50.0000000       4.38971668E-02   5.75769991E-02
   20.0000000      -50.0000000       4.64120023E-02   6.31029978E-02
   21.0000000      -50.0000000       4.05206643E-02   7.25329965E-02
   22.0000000      -50.0000000       3.69849987E-02   6.05299994E-02
   23.0000000      -50.0000000       2.11449992E-02   3.07969991E-02
   24.0000000      -50.0000000       1.67716667E-03   1.00630000E-02
   25.0000000      -50.0000000       0.00000000       0.00000000    
   26.0000000      -50.0000000       0.00000000       0.00000000    
   27.0000000      -50.0000000       0.00000000       0.00000000    
   28.0000000      -50.0000000       0.00000000       0.00000000    
   29.0000000      -50.0000000       0.00000000       0.00000000    
   0.00000000      -40.0000000       0.00000000       0.00000000    
   1.00000000      -40.0000000       0.00000000       0.00000000    
   2.00000000      -40.0000000       0.00000000       0.00000000    
   3.00000000      -40.0000000       0.00000000       0.00000000    
   4.00000000      -40.0000000       0.00000000       0.00000000    
   5.00000000      -40.0000000       0.00000000       0.00000000    
   6.00000000      -40.0000000       0.00000000       0.00000000    
   7.00000000      -40.0000000       0.00000000       0.00000000    
   8.00000000      -40.0000000       2.44700015E-02   6.58920035E-02
   9.00000000      -40.0000000       5.48221655E-02  0.117510997    
   10.0000000      -40.0000000       6.20203316E-02  0.116314001    
   11.0000000      -40.0000000       6.75185025E-02  0.131343007    
   12.0000000      -40.0000000       6.42914996E-02  0.132305995    
   13.0000000      -40.0000000       6.05901666E-02  0.120103002    
   14.0000000      -40.0000000       5.43961674E-02  0.108378001    
   15.0000000      -40.0000000       5.62906675E-02  0.115275003    
   16.0000000      -40.0000000       5.15791662E-02   8.88679996E-02
   17.0000000      -40.0000000       4.33028340E-02   5.99850006E-02
   18.0000000      -40.0000000       3.37590016E-02   4.19629999E-02
   19.0000000      -40.0000000       2.52493322E-02   3.00290007E-02
   20.0000000      -40.0000000       1.12486668E-02   1.86349992E-02
   21.0000000      -40.0000000       5.82683319E-03   3.19410004E-02
   22.0000000      -40.0000000       5.16833330E-04   3.10100010E-03
   23.0000000      -40.0000000       0.00000000       0.00000000    
   24.0000000      -40.0000000       0.00000000       0.00000000    
   25.0000000      -40.0000000       0.00000000       0.00000000    
   26.0000000      -40.0000000       0.00000000       0.00000000    
   27.0000000      -40.0000000       0.00000000       0.00000000    
   28.0000000      -40.0000000       0.00000000       0.00000000    
   29.0000000      -40.0000000       0.00000000       0.00000000    
   0.00000000      -30.0000000       0.00000000       0.00000000    
   1.00000000      -30.0000000       0.00000000       0.00000000    
   2.00000000      -30.0000000       0.00000000       0.00000000    
   3.00000000      -30.0000000       0.00000000       0.00000000    
   4.00000000      -30.0000000       0.00000000       0.00000000    
   5.00000000      -30.0000000       6.09199936E-03   1.06889997E-02
   6.00000000      -30.0000000       4.90006655E-02   7.99650028E-02
   7.00000000      -30.0000000       6.85723349E-02  0.106058002    
   8.00000000      -30.0000000       7.38166645E-02  0.117937997    
   9.00000000      -30.0000000       6.82703331E-02  0.101484999    
   10.0000000      -30.0000000       6.74741641E-02  0.116811000    
   11.0000000      -30.0000000       7.43161663E-02  0.129860997    
   12.0000000      -30.0000000       7.22521618E-02  0.137134001    
   13.0000000      -30.0000000       6.47948384E-02  0.125942007    
   14.0000000      -30.0000000       5.44130020E-02  0.104124002    
   15.0000000      -30.0000000       5.15200011E-02  0.110128999    
   16.0000000      -30.0000000       3.86970006E-02   8.95060003E-02
   17.0000000      -30.0000000       2.28476673E-02   3.32770012E-02
   18.0000000      -30.0000000       7.79016688E-03   2.09470000E-02
   19.0000000      -30.0000000       1.00149994E-03   5.63499983E-03
   20.0000000      -30.0000000       0.00000000       0.00000000    
   21.0000000      -30.0000000       0.00000000       0.00000000    
   22.0000000      -30.0000000       0.00000000       0.00000000    
   23.0000000      -30.0000000       0.00000000       0.00000000    
   24.0000000      -30.0000000       0.00000000       0.00000000    
   25.0000000      -30.0000000       0.00000000       0.00000000    
   26.0000000      -30.0000000       0.00000000       0.00000000    
   27.0000000      -30.0000000       0.00000000       0.00000000    
   28.0000000      -30.0000000       0.00000000       0.00000000    
   29.0000000      -30.0000000       0.00000000       0.00000000    
   0.00000000      -20.0000000       0.00000000       0.00000000    
   1.00000000      -20.0000000       0.00000000       0.00000000    
   2.00000000      -20.0000000       9.29633342E-03   2.98020002E-02
   3.00000000      -20.0000000       4.78626676E-02  0.130943000    
   4.00000000      -20.0000000       8.56280029E-02  0.162706003    
   5.00000000      -20.0000000      0.105922319      0.167432994    
   6.00000000      -20.0000000      0.105104327      0.162781000    
   7.00000000      -20.0000000       9.68393311E-02  0.170717001    
   8.00000000      -20.0000000       7.76136592E-02  0.139449999    
   9.00000000      -20.0000000       5.80216646E-02  0.116974004    
   10.0000000      -20.0000000       5.21953292E-02   9.52640027E-02
   11.0000000      -20.0000000       5.14924973E-02   8.87269974E-02
   12.0000000      -20.0000000       4.31516655E-02   7.72420019E-02
   13.0000000      -20.0000000       2.79796664E-02   5.60470000E-02
   14.0000000      -20.0000000       1.90383326E-02   2.85919998E-02
   15.0000000      -20.0000000       1.16869994E-02   2.74800006E-02
   16.0000000      -20.0000000       5.89766679E-03   2.33830009E-02
   17.0000000      -20.0000000       5.90000011E-04   3.53999995E-03
   18.0000000      -20.0000000       0.00000000       0.00000000    
   19.0000000      -20.0000000       0.00000000       0.00000000    
   20.0000000      -20.0000000       0.00000000       0.00000000    
   21.0000000      -20.0000000       0.00000000       0.00000000    
   22.0000000      -20.0000000       0.00000000       0.00000000    
   23.0000000      -20.0000000       0.00000000       0.00000000    
   24.0000000      -20.0000000       0.00000000       0.00000000    
   25.0000000      -20.0000000       0.00000000       0.00000000    
   26.0000000      -20.0000000       0.00000000       0.00000000    
   27.0000000      -20.0000000       0.00000000       0.00000000    
   28.0000000      -20.0000000       0.00000000       0.00000000    
   29.0000000      -20.0000000       0.00000000       0.00000000    
   0.00000000      -10.0000000       1.32520003E-02   3.20339985E-02
   1.00000000      -10.0000000       3.36549990E-02   6.76639974E-02
   2.00000000      -10.0000000       5.94053380E-02  0.128569007    
   3.00000000      -10.0000000       8.95368382E-02  0.155026004    
   4.00000000      -10.0000000      0.114541002      0.191036001    
   5.00000000      -10.0000000      0.120766498      0.193507999    
   6.00000000      -10.0000000      0.118520170      0.208598003    
   7.00000000      -10.0000000      0.108031332      0.189585999    
   8.00000000      -10.0000000       8.83771703E-02  0.159356996    
   9.00000000      -10.0000000       6.33921698E-02  0.132495999    
   10.0000000      -10.0000000       4.49526645E-02   8.04340020E-02
   11.0000000      -10.0000000       3.80776674E-02   5.23409992E-02
   12.0000000      -10.0000000       1.80279985E-02   2.67459992E-02
   13.0000000      -10.0000000       4.00350010E-03   1.23290000E-02
   14.0000000      -10.0000000       4.66433307E-03   1.74429994E-02
   15.0000000      -10.0000000       4.41216677E-03   2.62550004E-02
   16.0000000      -10.0000000       1.32683339E-03   7.96100032E-03
   17.0000000      -10.0000000       0.00000000       0.00000000    
   18.0000000      -10.0000000       0.00000000       0.00000000    
   19.0000000      -10.0000000       0.00000000       0.00000000    
   20.0000000      -10.0000000       0.00000000       0.00000000    
   21.0000000      -10.0000000       0.00000000       0.00000000    
   22.0000000      -10.0000000       0.00000000       0.00000000    
   23.0000000      -10.0000000       0.00000000       0.00000000    
   24.0000000      -10.0000000       0.00000000       0.00000000    
   25.0000000      -10.0000000       0.00000000       0.00000000    
   26.0000000      -10.0000000       0.00000000       0.00000000    
   27.0000000      -10.0000000       0.00000000       0.00000000    
   28.0000000      -10.0000000       0.00000000       0.00000000    
   29.0000000      -10.0000000       0.00000000       0.00000000    
   0.00000000       0.00000000       1.45463338E-02   3.59029993E-02
   1.00000000       0.00000000       4.58304994E-02   9.56100002E-02
   2.00000000       0.00000000       7.48841688E-02  0.152992994    
   3.00000000       0.00000000       9.58268344E-02  0.163983002    
   4.00000000       0.00000000      0.100746006      0.171363994    
   5.00000000       0.00000000      0.104399502      0.185179994    
   6.00000000       0.00000000       9.99434963E-02  0.189789996    
   7.00000000       0.00000000       9.26351622E-02  0.174153998    
   8.00000000       0.00000000       8.77596661E-02  0.179416999    
   9.00000000       0.00000000       7.72081688E-02  0.154421002    
   10.0000000       0.00000000       5.44469990E-02  0.118823998    
   11.0000000       0.00000000       3.76670025E-02   8.02050009E-02
   12.0000000       0.00000000       1.83990002E-02   2.62529999E-02
   13.0000000       0.00000000       4.13733302E-03   1.15419999E-02
   14.0000000       0.00000000       6.03716681E-03   2.08749995E-02
   15.0000000       0.00000000       5.09750005E-03   3.02000009E-02
   16.0000000       0.00000000       1.88416662E-03   1.13049997E-02
   17.0000000       0.00000000       0.00000000       0.00000000    
   18.0000000       0.00000000       0.00000000       0.00000000    
   19.0000000       0.00000000       0.00000000       0.00000000    
   20.0000000       0.00000000       0.00000000       0.00000000    
   21.0000000       0.00000000       0.00000000       0.00000000    
   22.0000000       0.00000000       0.00000000       0.00000000    
   23.0000000       0.00000000       0.00000000       0.00000000    
   24.0000000       0.00000000       0.00000000       0.00000000    
   25.0000000       0.00000000       0.00000000       0.00000000    
   26.0000000       0.00000000       0.00000000       0.00000000    
   27.0000000       0.00000000       0.00000000       0.00000000    
   28.0000000       0.00000000       0.00000000       0.00000000    
   29.0000000       0.00000000       0.00000000       0.00000000    
   0.00000000       10.0000000       1.95378345E-02   5.46809994E-02
   1.00000000       10.0000000       4.83316667E-02   9.53850001E-02
   2.00000000       10.0000000       7.88604990E-02  0.141962007    
   3.00000000       10.0000000       9.11296681E-02  0.157659993    
   4.00000000       10.0000000       8.43631625E-02  0.130226001    
   5.00000000       10.0000000       8.67656693E-02  0.152879998    
   6.00000000       10.0000000       8.78264979E-02  0.136596993    
   7.00000000       10.0000000       8.44656751E-02  0.145792007    
   8.00000000       10.0000000       8.84118304E-02  0.183278993    
   9.00000000       10.0000000       8.08543339E-02  0.164648995    
   10.0000000       10.0000000       5.56819998E-02  0.124422997    
   11.0000000       10.0000000       3.43408324E-02   6.86749965E-02
   12.0000000       10.0000000       1.49039999E-02   1.97829995E-02
   13.0000000       10.0000000       4.29416681E-03   1.18279997E-02
   14.0000000       10.0000000       3.86716682E-03   1.19869998E-02
   15.0000000       10.0000000       3.97683354E-03   2.36380007E-02
   16.0000000       10.0000000       1.64933328E-03   9.89599992E-03
   17.0000000       10.0000000       0.00000000       0.00000000    
   18.0000000       10.0000000       0.00000000       0.00000000    
   19.0000000       10.0000000       0.00000000       0.00000000    
   20.0000000       10.0000000       0.00000000       0.00000000    
   21.0000000       10.0000000       0.00000000       0.00000000    
   22.0000000       10.0000000       0.00000000       0.00000000    
   23.0000000       10.0000000       0.00000000       0.00000000    
   24.0000000       10.0000000       0.00000000       0.00000000    
   25.0000000       10.0000000       0.00000000       0.00000000    
   26.0000000       10.0000000       0.00000000       0.00000000    
   27.0000000       10.0000000       0.00000000       0.00000000    
   28.0000000       10.0000000       0.00000000       0.00000000    
   29.0000000       10.0000000       0.00000000       0.00000000    
   0.00000000       20.0000000       0.00000000       0.00000000    
   1.00000000       20.0000000       0.00000000       0.00000000    
   2.00000000       20.0000000       6.53983327E-03   1.50030004E-02
   3.00000000       20.0000000       3.25696655E-02   7.06180036E-02
   4.00000000       20.0000000       5.48358373E-02   8.97379965E-02
   5.00000000       20.0000000       7.19323382E-02   8.41649994E-02
   6.00000000       20.0000000       8.06206688E-02   9.24469978E-02
   7.00000000       20.0000000       8.78331661E-02  0.129097000    
   8.00000000       20.0000000       9.52358320E-02  0.163009003    
   9.00000000       20.0000000       8.93509984E-02  0.162779003    
   10.0000000       20.0000000       7.19680041E-02  0.143792003    
   11.0000000       20.0000000       6.18198328E-02  0.109867997    
   12.0000000       20.0000000       4.98408340E-02   8.14829990E-02
   13.0000000       20.0000000       3.93971689E-02   6.68260008E-02
   14.0000000       20.0000000       2.63780002E-02   3.75749990E-02
   15.0000000       20.0000000       8.52616690E-03   2.64160000E-02
   16.0000000       20.0000000       3.37699987E-03   1.14829997E-02
   17.0000000       20.0000000       3.57500016E-04   2.14500003E-03
   18.0000000       20.0000000       0.00000000       0.00000000    
   19.0000000       20.0000000       0.00000000       0.00000000    
   20.0000000       20.0000000       0.00000000       0.00000000    
   21.0000000       20.0000000       0.00000000       0.00000000    
   22.0000000       20.0000000       0.00000000       0.00000000    
   23.0000000       20.0000000       0.00000000       0.00000000    
   24.0000000       20.0000000       0.00000000       0.00000000    
   25.0000000       20.0000000       0.00000000       0.00000000    
   26.0000000       20.0000000       0.00000000       0.00000000    
   27.0000000       20.0000000       0.00000000       0.00000000    
   28.0000000       20.0000000       0.00000000       0.00000000    
   29.0000000       20.0000000       0.00000000       0.00000000    
   0.00000000       30.0000000       0.00000000       0.00000000    
   1.00000000       30.0000000       0.00000000       0.00000000    
   2.00000000       30.0000000       0.00000000       0.00000000    
   3.00000000       30.0000000       0.00000000       0.00000000    
   4.00000000       30.0000000       0.00000000       0.00000000    
   5.00000000       30.0000000       4.89866640E-03   1.04189999E-02
   6.00000000       30.0000000       3.86618339E-02   7.62429982E-02
   7.00000000       30.0000000       5.39458394E-02   9.59530026E-02
   8.00000000       30.0000000       6.74021691E-02  0.111909002    
   9.00000000       30.0000000       7.16311634E-02  0.126346007    
   10.0000000       30.0000000       7.02149943E-02  0.131952003    
   11.0000000       30.0000000       7.02333376E-02  0.117853999    
   12.0000000       30.0000000       6.79090023E-02  0.120203003    
   13.0000000       30.0000000       6.27618358E-02  0.116581999    
   14.0000000       30.0000000       5.38976677E-02   8.52300003E-02
   15.0000000       30.0000000       4.21538353E-02   6.30460009E-02
   16.0000000       30.0000000       4.24495041E-02   4.98690009E-02
   17.0000000       30.0000000       2.95911673E-02   4.41929996E-02
   18.0000000       30.0000000       5.98400040E-03   1.37540000E-02
   19.0000000       30.0000000       1.55633327E-03   9.12600011E-03
   20.0000000       30.0000000       0.00000000       0.00000000    
   21.0000000       30.0000000       0.00000000       0.00000000    
   22.0000000       30.0000000       0.00000000       0.00000000    
   23.0000000       30.0000000       0.00000000       0.00000000    
   24.0000000       30.0000000       0.00000000       0.00000000    
   25.0000000       30.0000000       0.00000000       0.00000000    
   26.0000000       30.0000000       0.00000000       0.00000000    
   27.0000000       30.0000000       0.00000000       0.00000000    
   28.0000000       30.0000000       0.00000000       0.00000000    
   29.0000000       30.0000000       0.00000000       0.00000000    
   0.00000000       40.0000000       0.00000000       0.00000000    
   1.00000000       40.0000000       0.00000000       0.00000000    
   2.00000000       40.0000000       0.00000000       0.00000000    
   3.00000000       40.0000000       0.00000000       0.00000000    
   4.00000000       40.0000000       0.00000000       0.00000000    
   5.00000000       40.0000000       0.00000000       0.00000000    
   6.00000000       40.0000000       0.00000000       0.00000000    
   7.00000000       40.0000000       0.00000000       0.00000000    
   8.00000000       40.0000000       2.72161663E-02   5.83340004E-02
   9.00000000       40.0000000       6.04010038E-02   9.71639976E-02
   10.0000000       40.0000000       6.44571632E-02   9.16519985E-02
   11.0000000       40.0000000       6.52538314E-02   9.66460034E-02
   12.0000000       40.0000000       6.07125014E-02   9.56400037E-02
   13.0000000       40.0000000       4.67318334E-02   7.96580017E-02
   14.0000000       40.0000000       4.25636657E-02   6.24860004E-02
   15.0000000       40.0000000       3.76636647E-02   4.79240008E-02
   16.0000000       40.0000000       4.67489995E-02   5.21409996E-02
   17.0000000       40.0000000       4.19176668E-02   5.35960011E-02
   18.0000000       40.0000000       3.37376669E-02   4.74550016E-02
   19.0000000       40.0000000       3.16241682E-02   4.64100018E-02
   20.0000000       40.0000000       1.90368313E-02   4.29189987E-02
   21.0000000       40.0000000       6.81366632E-03   3.70219983E-02
   22.0000000       40.0000000       5.21000009E-04   3.12600005E-03
   23.0000000       40.0000000       0.00000000       0.00000000    
   24.0000000       40.0000000       0.00000000       0.00000000    
   25.0000000       40.0000000       0.00000000       0.00000000    
   26.0000000       40.0000000       0.00000000       0.00000000    
   27.0000000       40.0000000       0.00000000       0.00000000    
   28.0000000       40.0000000       0.00000000       0.00000000    
   29.0000000       40.0000000       0.00000000       0.00000000    
   0.00000000       50.0000000       0.00000000       0.00000000    
   1.00000000       50.0000000       0.00000000       0.00000000    
   2.00000000       50.0000000       0.00000000       0.00000000    
   3.00000000       50.0000000       0.00000000       0.00000000    
   4.00000000       50.0000000       0.00000000       0.00000000    
   5.00000000       50.0000000       0.00000000       0.00000000    
   6.00000000       50.0000000       0.00000000       0.00000000    
   7.00000000       50.0000000       0.00000000       0.00000000    
   8.00000000       50.0000000       0.00000000       0.00000000    
   9.00000000       50.0000000       0.00000000       0.00000000    
   10.0000000       50.0000000       0.00000000       0.00000000    
   11.0000000       50.0000000       1.27028329E-02   1.80149991E-02
   12.0000000       50.0000000       3.18154991E-02   4.04069982E-02
   13.0000000       50.0000000       3.98296639E-02   5.09539992E-02
   14.0000000       50.0000000       3.82031687E-02   5.47319986E-02
   15.0000000       50.0000000       3.19451652E-02   4.19769995E-02
   16.0000000       50.0000000       3.87016647E-02   4.63900007E-02
   17.0000000       50.0000000       3.61781679E-02   5.56139983E-02
   18.0000000       50.0000000       3.01533323E-02   5.02110012E-02
   19.0000000       50.0000000       4.68136668E-02   6.96860030E-02
   20.0000000       50.0000000       6.08430021E-02   9.04650018E-02
   21.0000000       50.0000000       6.40796646E-02   9.90919992E-02
   22.0000000       50.0000000       6.35678396E-02  0.108436003    
   23.0000000       50.0000000       3.12646665E-02   5.63840009E-02
   24.0000000       50.0000000       1.09599996E-03   6.57599978E-03
   25.0000000       50.0000000       0.00000000       0.00000000    
   26.0000000       50.0000000       0.00000000       0.00000000    
   27.0000000       50.0000000       0.00000000       0.00000000    
   28.0000000       50.0000000       0.00000000       0.00000000    
   29.0000000       50.0000000       0.00000000       0.00000000    
