      xloc      yloc          depth         ave SR         max SR         #     start       end     max SR all       strike 1       strike 2          dip 1          dip 2         rake 1         rake 2
    -50.00    -20.00      19.696190       0.030797       0.030797        24      23.0      24.0       0.208598      38.480000     241.550003      76.449997      14.680000      84.300003     112.389999
    -50.00    -15.00      17.272141       0.020267       0.020267        24      23.0      24.0       0.208598     112.459999     289.230011      85.959999       4.050000      90.230003      86.779999
    -50.00    -10.00      14.848100       0.008631       0.008631        24      23.0      24.0       0.208598     329.160004     203.740005      16.639999      80.169998      36.580002     103.500000
    -50.00     -5.00      12.424050       0.018336       0.018336        24      23.0      24.0       0.208598     144.339996     243.250000      86.970001      18.870001     -71.370003    -170.589996
    -50.00      0.00      10.000000       0.025958       0.025958        24      23.0      24.0       0.208598     141.919998     246.910004      85.639999      16.440001     -74.139999    -164.410004
    -50.00      5.00       7.575950       0.022881       0.022881        24      23.0      24.0       0.208598      27.850000     271.890015      10.160000      85.510002      26.320000      99.129997
    -40.00    -20.00      19.696190       0.000000       0.000000        24      23.0      24.0       0.208598     180.000000     360.000000      45.000000      45.000000      90.000000      90.000000
    -40.00    -15.00      17.272141       0.000000       0.000000        24      23.0      24.0       0.208598     180.000000     360.000000      45.000000      45.000000      90.000000      90.000000
    -40.00    -10.00      14.848100       0.000000       0.000000        24      23.0      24.0       0.208598     180.000000     360.000000      45.000000      45.000000      90.000000      90.000000
    -40.00     -5.00      12.424050       0.000000       0.000000        24      23.0      24.0       0.208598     180.000000     360.000000      45.000000      45.000000      90.000000      90.000000
    -40.00      0.00      10.000000       0.000000       0.000000        24      23.0      24.0       0.208598     180.000000     360.000000      45.000000      45.000000      90.000000      90.000000
    -40.00      5.00       7.575950       0.000000       0.000000        24      23.0      24.0       0.208598     180.000000     360.000000      45.000000      45.000000      90.000000      90.000000
    -30.00    -20.00      19.696190       0.000000       0.000000        24      23.0      24.0       0.208598     180.000000     360.000000      45.000000      45.000000      90.000000      90.000000
    -30.00    -15.00      17.272141       0.000000       0.000000        24      23.0      24.0       0.208598     180.000000     360.000000      45.000000      45.000000      90.000000      90.000000
    -30.00    -10.00      14.848100       0.000000       0.000000        24      23.0      24.0       0.208598     180.000000     360.000000      45.000000      45.000000      90.000000      90.000000
    -30.00     -5.00      12.424050       0.000000       0.000000        24      23.0      24.0       0.208598     180.000000     360.000000      45.000000      45.000000      90.000000      90.000000
    -30.00      0.00      10.000000       0.000000       0.000000        24      23.0      24.0       0.208598     180.000000     360.000000      45.000000      45.000000      90.000000      90.000000
    -30.00      5.00       7.575950       0.000000       0.000000        24      23.0      24.0       0.208598     180.000000     360.000000      45.000000      45.000000      90.000000      90.000000
    -20.00    -20.00      19.696190       0.000000       0.000000        24      23.0      24.0       0.208598     180.000000     360.000000      45.000000      45.000000      90.000000      90.000000
    -20.00    -15.00      17.272141       0.000000       0.000000        24      23.0      24.0       0.208598     180.000000     360.000000      45.000000      45.000000      90.000000      90.000000
    -20.00    -10.00      14.848100       0.000000       0.000000        24      23.0      24.0       0.208598     180.000000     360.000000      45.000000      45.000000      90.000000      90.000000
    -20.00     -5.00      12.424050       0.000000       0.000000        24      23.0      24.0       0.208598     180.000000     360.000000      45.000000      45.000000      90.000000      90.000000
    -20.00      0.00      10.000000       0.000000       0.000000        24      23.0      24.0       0.208598     180.000000     360.000000      45.000000      45.000000      90.000000      90.000000
    -20.00      5.00       7.575950       0.000000       0.000000        24      23.0      24.0       0.208598     180.000000     360.000000      45.000000      45.000000      90.000000      90.000000
    -10.00    -20.00      19.696190       0.000000       0.000000        24      23.0      24.0       0.208598     180.000000     360.000000      45.000000      45.000000      90.000000      90.000000
    -10.00    -15.00      17.272141       0.000000       0.000000        24      23.0      24.0       0.208598     180.000000     360.000000      45.000000      45.000000      90.000000      90.000000
    -10.00    -10.00      14.848100       0.000000       0.000000        24      23.0      24.0       0.208598     180.000000     360.000000      45.000000      45.000000      90.000000      90.000000
    -10.00     -5.00      12.424050       0.000000       0.000000        24      23.0      24.0       0.208598     180.000000     360.000000      45.000000      45.000000      90.000000      90.000000
    -10.00      0.00      10.000000       0.000000       0.000000        24      23.0      24.0       0.208598     180.000000     360.000000      45.000000      45.000000      90.000000      90.000000
    -10.00      5.00       7.575950       0.000000       0.000000        24      23.0      24.0       0.208598     180.000000     360.000000      45.000000      45.000000      90.000000      90.000000
      0.00    -20.00      19.696190       0.000000       0.000000        24      23.0      24.0       0.208598     180.000000     360.000000      45.000000      45.000000      90.000000      90.000000
      0.00    -15.00      17.272141       0.000000       0.000000        24      23.0      24.0       0.208598     180.000000     360.000000      45.000000      45.000000      90.000000      90.000000
      0.00    -10.00      14.848100       0.000000       0.000000        24      23.0      24.0       0.208598     180.000000     360.000000      45.000000      45.000000      90.000000      90.000000
      0.00     -5.00      12.424050       0.000000       0.000000        24      23.0      24.0       0.208598     180.000000     360.000000      45.000000      45.000000      90.000000      90.000000
      0.00      0.00      10.000000       0.000000       0.000000        24      23.0      24.0       0.208598     180.000000     360.000000      45.000000      45.000000      90.000000      90.000000
      0.00      5.00       7.575950       0.000000       0.000000        24      23.0      24.0       0.208598     180.000000     360.000000      45.000000      45.000000      90.000000      90.000000
     10.00    -20.00      19.696190       0.000000       0.000000        24      23.0      24.0       0.208598     180.000000     360.000000      45.000000      45.000000      90.000000      90.000000
     10.00    -15.00      17.272141       0.000000       0.000000        24      23.0      24.0       0.208598     180.000000     360.000000      45.000000      45.000000      90.000000      90.000000
     10.00    -10.00      14.848100       0.000000       0.000000        24      23.0      24.0       0.208598     180.000000     360.000000      45.000000      45.000000      90.000000      90.000000
     10.00     -5.00      12.424050       0.000000       0.000000        24      23.0      24.0       0.208598     180.000000     360.000000      45.000000      45.000000      90.000000      90.000000
     10.00      0.00      10.000000       0.000000       0.000000        24      23.0      24.0       0.208598     180.000000     360.000000      45.000000      45.000000      90.000000      90.000000
     10.00      5.00       7.575950       0.000000       0.000000        24      23.0      24.0       0.208598     180.000000     360.000000      45.000000      45.000000      90.000000      90.000000
     20.00    -20.00      19.696190       0.000000       0.000000        24      23.0      24.0       0.208598     180.000000     360.000000      45.000000      45.000000      90.000000      90.000000
     20.00    -15.00      17.272141       0.000000       0.000000        24      23.0      24.0       0.208598     180.000000     360.000000      45.000000      45.000000      90.000000      90.000000
     20.00    -10.00      14.848100       0.000000       0.000000        24      23.0      24.0       0.208598     180.000000     360.000000      45.000000      45.000000      90.000000      90.000000
     20.00     -5.00      12.424050       0.000000       0.000000        24      23.0      24.0       0.208598     180.000000     360.000000      45.000000      45.000000      90.000000      90.000000
     20.00      0.00      10.000000       0.000000       0.000000        24      23.0      24.0       0.208598     180.000000     360.000000      45.000000      45.000000      90.000000      90.000000
     20.00      5.00       7.575950       0.000000       0.000000        24      23.0      24.0       0.208598     180.000000     360.000000      45.000000      45.000000      90.000000      90.000000
     30.00    -20.00      19.696190       0.000000       0.000000        24      23.0      24.0       0.208598     180.000000     360.000000      45.000000      45.000000      90.000000      90.000000
     30.00    -15.00      17.272141       0.000000       0.000000        24      23.0      24.0       0.208598     180.000000     360.000000      45.000000      45.000000      90.000000      90.000000
     30.00    -10.00      14.848100       0.000000       0.000000        24      23.0      24.0       0.208598     180.000000     360.000000      45.000000      45.000000      90.000000      90.000000
     30.00     -5.00      12.424050       0.000000       0.000000        24      23.0      24.0       0.208598     180.000000     360.000000      45.000000      45.000000      90.000000      90.000000
     30.00      0.00      10.000000       0.000000       0.000000        24      23.0      24.0       0.208598     180.000000     360.000000      45.000000      45.000000      90.000000      90.000000
     30.00      5.00       7.575950       0.000000       0.000000        24      23.0      24.0       0.208598     180.000000     360.000000      45.000000      45.000000      90.000000      90.000000
     40.00    -20.00      19.696190       0.000000       0.000000        24      23.0      24.0       0.208598     180.000000     360.000000      45.000000      45.000000      90.000000      90.000000
     40.00    -15.00      17.272141       0.000000       0.000000        24      23.0      24.0       0.208598     180.000000     360.000000      45.000000      45.000000      90.000000      90.000000
     40.00    -10.00      14.848100       0.000000       0.000000        24      23.0      24.0       0.208598     180.000000     360.000000      45.000000      45.000000      90.000000      90.000000
     40.00     -5.00      12.424050       0.000000       0.000000        24      23.0      24.0       0.208598     180.000000     360.000000      45.000000      45.000000      90.000000      90.000000
     40.00      0.00      10.000000       0.000000       0.000000        24      23.0      24.0       0.208598     180.000000     360.000000      45.000000      45.000000      90.000000      90.000000
     40.00      5.00       7.575950       0.000000       0.000000        24      23.0      24.0       0.208598     180.000000     360.000000      45.000000      45.000000      90.000000      90.000000
     50.00    -20.00      19.696190       0.019768       0.019768        24      23.0      24.0       0.208598     288.290009      21.070000      79.089996      75.879997     165.619995      11.250000
     50.00    -15.00      17.272141       0.018849       0.018849        24      23.0      24.0       0.208598      82.370003     205.229996      54.740002      52.490002     131.789993      46.700001
     50.00    -10.00      14.848100       0.032567       0.032567        24      23.0      24.0       0.208598      59.680000     235.830002      61.650002      28.400000      91.830002      86.620003
     50.00     -5.00      12.424050       0.035270       0.035270        24      23.0      24.0       0.208598      53.459999     252.669998      60.740002      30.680000      80.339996     106.680000
     50.00      0.00      10.000000       0.024750       0.024750        24      23.0      24.0       0.208598       5.020000     260.640015      82.269997      28.650000      62.320000     163.710007
     50.00      5.00       7.575950       0.056384       0.056384        24      23.0      24.0       0.208598     164.160004     275.589996      86.440002       9.650000     -81.019997    -158.289993
