  -50.0000000      -20.0000000      0.271335006       3.07969991E-02
  -50.0000000      -15.0000000      0.335584015       3.57040018E-02
  -50.0000000      -10.0000000      0.403907001       4.55729999E-02
  -50.0000000      -5.00000000      0.525129020       5.77090010E-02
  -50.0000000       0.00000000      0.621107936       6.62150010E-02
  -50.0000000       5.00000000      0.673671007       7.25329965E-02
  -40.0000000      -20.0000000      0.244021028       3.19410004E-02
  -40.0000000      -15.0000000      0.284181982       4.38299999E-02
  -40.0000000      -10.0000000      0.468604982       5.63430004E-02
  -40.0000000      -5.00000000      0.664985001       7.59050027E-02
  -40.0000000       0.00000000      0.898654997      0.111690998    
  -40.0000000       5.00000000       1.13484502      0.132305995    
  -30.0000000      -20.0000000      0.293567985       6.12620004E-02
  -30.0000000      -15.0000000      0.472304046       9.65510011E-02
  -30.0000000      -10.0000000      0.589297950       8.10619965E-02
  -30.0000000      -5.00000000      0.681181073       9.00050029E-02
  -30.0000000       0.00000000       1.02497005      0.115561999    
  -30.0000000       5.00000000       1.26383090      0.137134001    
  -20.0000000      -20.0000000      0.340567023       5.64190000E-02
  -20.0000000      -15.0000000      0.485803992       8.27429965E-02
  -20.0000000      -10.0000000      0.597662032       9.08289999E-02
  -20.0000000      -5.00000000      0.817430079      0.107785001    
  -20.0000000       0.00000000       1.12132215      0.145080000    
  -20.0000000       5.00000000       1.42713797      0.170717001    
  -10.0000000      -20.0000000      0.317666978       4.73229997E-02
  -10.0000000      -15.0000000      0.504603982       7.41010010E-02
  -10.0000000      -10.0000000      0.722362995      0.101467997    
  -10.0000000      -5.00000000       1.06127393      0.147927001    
  -10.0000000       0.00000000       1.35142100      0.182142004    
  -10.0000000       5.00000000       1.59232712      0.208598003    
   0.00000000      -20.0000000      0.257229984       3.13600004E-02
   0.00000000      -15.0000000      0.434142947       6.40880018E-02
   0.00000000      -10.0000000      0.638626993       8.36040005E-02
   0.00000000      -5.00000000       1.04712999      0.117816001    
   0.00000000       0.00000000       1.42676306      0.155148998    
   0.00000000       5.00000000       1.72480094      0.189789996    
   10.0000000      -20.0000000      0.272178024       5.22990003E-02
   10.0000000      -15.0000000      0.418231010       7.17760026E-02
   10.0000000      -10.0000000      0.609762967       8.20249990E-02
   10.0000000      -5.00000000       1.04717505      0.120476000    
   10.0000000       0.00000000       1.36448598      0.158513993    
   10.0000000       5.00000000       1.50373411      0.183278993    
   20.0000000      -20.0000000      0.330691993       6.71849996E-02
   20.0000000      -15.0000000      0.537841022       9.24469978E-02
   20.0000000      -10.0000000      0.661465883       8.43089968E-02
   20.0000000      -5.00000000      0.866513014      0.104555003    
   20.0000000       0.00000000       1.05783296      0.139859006    
   20.0000000       5.00000000       1.22915208      0.163009003    
   30.0000000      -20.0000000      0.269284010       3.78660001E-02
   30.0000000      -15.0000000      0.466420025       5.92320003E-02
   30.0000000      -10.0000000      0.637455940       7.62429982E-02
   30.0000000      -5.00000000      0.724652052       8.28950033E-02
   30.0000000       0.00000000      0.896424949      0.106532998    
   30.0000000       5.00000000       1.10551095      0.131952003    
   40.0000000      -20.0000000      0.373522997       4.64919992E-02
   40.0000000      -15.0000000      0.513609052       7.30699971E-02
   40.0000000      -10.0000000      0.622587025       9.71639976E-02
   40.0000000      -5.00000000      0.580184937       7.29160011E-02
   40.0000000       0.00000000      0.618190944       8.74809995E-02
   40.0000000       5.00000000      0.804304063       9.66460034E-02
   50.0000000      -20.0000000      0.304856002       4.33470011E-02
   50.0000000      -15.0000000      0.446563959       5.75719997E-02
   50.0000000      -10.0000000      0.511693001       7.04850033E-02
   50.0000000      -5.00000000      0.535654962       6.67390004E-02
   50.0000000       0.00000000      0.608398974       7.88289979E-02
   50.0000000       5.00000000      0.755999029      0.108436003    
