      26.261110      37.822941      27.492390       0.197400       1.034500      -0.338000      -0.696500      -0.019500       0.286500      -0.291500   26
      26.374559      37.818722      27.492390       0.214400       8.429999      -5.749999      -2.680000      -2.860000       5.160000      -5.240000   26
      26.488001      37.814400      27.492390       0.232600       5.235000      -7.420000       2.185000      -7.100000       6.175000      -2.525000   26
      26.601431      37.809959      27.492390       0.239100       0.615000      -1.019500       0.404500      -0.846000       0.049000      -0.191500   26
      26.714840      37.805408      27.492390       0.182200       0.717500      -1.052000       0.334500      -0.043500       0.102000      -0.180000   26
      26.828239      37.800758      27.492390       0.152600       5.625000      -4.335000      -1.290000       3.540000       4.370000      -1.375000   26
      26.941620      37.796001      27.492390       0.188800       5.245000       2.175000      -7.420000       4.355000       5.145000       0.190000   26
      27.054991      37.791119      27.492390       0.226000       1.113500      -0.199500      -0.914000       0.136500       0.483500       0.015000   26
      27.168341      37.786140      27.492390       0.342700       1.486000      -1.510500       0.024500       0.264000      -0.736000      -0.354500   26
      27.281679      37.781052      27.492390       0.159100       8.090000      -5.700000      -2.390000      -0.790000      -4.905000      -0.150000   26
      27.395010      37.775841      27.492390       0.292100      -0.088000       0.337500      -0.249500      -0.503500       1.322000      -0.220000   26
      26.262381      37.844761      23.119301       0.290700       1.685500      -0.610000      -1.075500      -0.135500      -0.172500      -0.255500   26
      26.375870      37.840542      23.119301       0.237200       5.950000      -2.175000      -3.775000      -4.945000       6.205000      -7.440000   26
      26.489340      37.836208      23.119301       0.282700       0.035000      -0.216000       0.181000      -1.201500       0.498500      -0.549500   26
      26.602800      37.831772      23.119301       0.347100       0.188500      -0.936000       0.747500      -1.586500       0.028500      -0.343500   26
      26.716249      37.827229      23.119301       0.247400       2.135000      -9.985000       7.850000      -6.005000       1.230000      -6.205000   26
      26.829679      37.822571      23.119301       0.170200       0.610000       0.620000      -1.230000       2.095000       8.080000      -1.700000   26
      26.943090      37.817799      23.119301       0.357300      -0.039500       1.381000      -1.341500       0.809000       0.801000       0.227000   26
      27.056499      37.812931      23.119301       0.292800       0.555000       1.000000      -1.555000       0.097500       0.830500       0.137500   26
      27.169880      37.807941      23.119301       0.258300       1.043000      -1.022500      -0.020500       0.195500      -0.655500      -0.417000   26
      27.283260      37.802849      23.119301       0.129100       3.710000       1.095001      -4.805000      -2.925000      -3.570000      -1.290000   26
      27.396610      37.797649      23.119301       0.393800      -0.644500       1.053500      -0.409000      -0.608500       1.685500      -0.215500   26
      26.263651      37.866570      18.746201       0.297800       1.369000      -0.046500      -1.322500       0.273000      -0.578000      -0.049000   26
      26.377171      37.862350      18.746201       0.259500      -0.561000       1.091500      -0.530500      -0.557500       0.567500      -0.507000   26
      26.490681      37.858028      18.746201       0.432500      -1.526000       1.612000      -0.086000      -1.281000       0.362000      -0.726000   26
      26.604170      37.853588      18.746201       0.518300      -1.167000       0.209000       0.958000      -2.342000      -0.162500      -0.745000   26
      26.717649      37.849041      18.746201       0.425600      -1.122500       0.303500       0.819000      -1.304500      -0.097000      -1.343500   26
      26.831120      37.844379      18.746201       0.404800      -1.320000       1.735500      -0.415500       0.057500       1.124000      -0.628500   26
      26.944571      37.839611      18.746201       0.619000      -1.415000       3.171000      -1.756000       0.750000       1.248000       0.215500   26
      27.058001      37.834740      18.746201       0.573600      -0.895500       2.810000      -1.914500       0.095000       1.410000       0.224500   26
      27.171419      37.829750      18.746201       0.086400      -2.630000       4.420000      -1.790000      -1.680000       0.500000      -2.430000   26
      27.284830      37.824650      18.746201       0.200300      -0.455000       1.147500      -0.692500      -0.328500      -0.168500       0.037000   26
      27.398220      37.819450      18.746201       0.441400      -1.092500       1.548500      -0.456000      -0.821000       1.583000      -0.084500   26
      26.264931      37.888390      14.373100       0.243400       0.842500       0.300500      -1.143000       0.338500      -0.581000       0.018500   26
      26.378481      37.884171      14.373100       0.368400      -1.248500       1.958000      -0.709500      -0.749000       0.344000      -0.314500   26
      26.492020      37.879841      14.373100       0.913900      -3.771000       4.058000      -0.287000      -2.211500       0.538500      -0.646000   26
      26.605551      37.875401      14.373100       0.750400      -2.904500       1.810500       1.094000      -2.488500      -1.145500      -1.167500   26
      26.719061      37.870850      14.373100       0.778600      -3.282500       2.431000       0.851500      -1.462500      -0.590000      -1.991500   26
      26.832560      37.866192      14.373100       0.880200      -3.829000       4.491000      -0.662000      -0.263500       0.835000      -1.169000   26
      26.946039      37.861420      14.373100       1.043000      -3.738500       5.698500      -1.960000       0.082500       1.656500       0.079500   26
      27.059509      37.856541      14.373100       0.962100      -2.828500       4.960500      -2.132000       0.234000       2.113500       0.382500   26
      27.172970      37.851559      14.373100       0.371200      -1.505500       2.029000      -0.523500       0.240500       0.401000      -0.071000   26
      27.286400      37.846458      14.373100       0.372900      -1.240000       2.294000      -1.054000       0.170000      -0.254000       0.062500   26
      27.399830      37.841251      14.373100       0.507400      -1.581500       2.330000      -0.748500      -0.590500       1.361000      -0.105500   26
      26.266199      37.910210      10.000000       0.204300      -0.335000       8.320001      -7.985001      -1.355000      -6.625000      -0.100000   26
      26.379789      37.905991      10.000000       0.712000      -2.756000       3.713000      -0.957000      -1.237500      -0.627500      -0.199500   26
      26.493361      37.901649      10.000000       1.331200      -5.814000       6.193500      -0.379500      -2.802500       0.375500      -0.530500   26
      26.606920      37.897209      10.000000       1.141600      -4.956501       3.808000       1.148500      -2.784000      -1.848000      -1.681500   26
      26.720470      37.892658      10.000000       1.142200      -5.050499       4.066500       0.984000      -1.810500      -1.263500      -2.509500   26
      26.834000      37.888000      10.000000       1.274300      -5.669001       6.345500      -0.676500      -0.957000       0.879000      -1.811000   26
      26.947519      37.883228      10.000000       1.456600      -5.649500       7.818000      -2.168500      -0.613500       2.169000      -0.313500   26
      27.061020      37.878349      10.000000       1.389000      -4.842500       7.218000      -2.375500       0.055000       2.779500       0.409500   26
      27.174509      37.873360      10.000000       0.727900      -2.763500       3.569000      -0.805500       0.093500       1.633000       0.257000   26
      27.287979      37.868259      10.000000       0.595600      -2.235000       3.521000      -1.286000       0.743500       0.096500       0.152500   26
      27.401440      37.863060      10.000000       0.586300      -1.856000       2.787500      -0.931500      -0.658000       1.447500      -0.161000   26
      26.267481      37.932018       5.626900       0.285300      -0.762000       1.481000      -0.719000      -0.330500      -0.559500       0.081000   26
      26.381100      37.927799       5.626900       0.870600      -3.448000       4.565500      -1.117500      -1.324000      -0.872500       0.028500   26
      26.494699      37.923470       5.626900       1.683800      -7.695500       8.108500      -0.413000      -2.841500       0.369000      -0.489500   26
      26.608299      37.919022       5.626900       1.390200      -6.177500       5.066000       1.111500      -2.684500      -2.960000      -1.711500   26
      26.721880      37.914471       5.626900       1.373100      -6.131500       5.106501       1.025000      -2.087000      -1.550000      -2.850500   26
      26.835440      37.909809       5.626900       1.535300      -6.811500       7.590000      -0.778500      -1.512000       1.070000      -2.054500   26
      26.948990      37.905041       5.626900       1.728000      -6.831500       9.154500      -2.323000      -1.407500       2.423000      -0.516000   26
      27.062531      37.900162       5.626900       1.666800      -6.379500       8.572000      -2.192500       0.048500       3.128000       0.637500   26
      27.176050      37.895168       5.626900       0.969600      -3.801500       4.708500      -0.907000      -0.243000       2.123500       0.490500   26
      27.289560      37.890072       5.626900       0.726300      -2.778500       4.125000      -1.346500       1.040000       0.280500       0.279500   26
      27.403040      37.884861       5.626900       0.588700      -1.927000       2.875000      -0.948000      -0.377000       1.439000      -0.121500   26
