      xloc      yloc          depth         ave SR         max SR         #     start       end     max SR all       strike 1       strike 2          dip 1          dip 2         rake 1         rake 2
    -50.00    -20.00      27.492390       0.023034       0.023034        24      23.0      24.0       0.222827      84.300003     329.869995      50.540001      63.320000    -144.440002     -45.330002
    -50.00    -15.00      23.119301       0.018142       0.018142        24      23.0      24.0       0.222827     154.229996      34.680000      85.489998       9.080000      82.110001     150.139999
    -50.00    -10.00      18.746201       0.025245       0.025245        24      23.0      24.0       0.222827     143.789993      39.400002      84.750000      20.309999      70.360001     164.699997
    -50.00     -5.00      14.373100       0.037459       0.037459        24      23.0      24.0       0.222827     104.660004     271.649994      55.930000      34.770000      97.379997      79.250000
    -50.00      0.00      10.000000       0.023624       0.023624        24      23.0      24.0       0.222827      88.800003     248.699997      46.180000      45.619999     104.220001      75.650002
    -50.00      5.00       5.626900       0.011811       0.011811        24      23.0      24.0       0.222827     294.440002      30.799999      80.629997      56.139999     145.619995      11.310000
    -40.00    -20.00      27.492390       0.000000       0.000000        24      23.0      24.0       0.222827     180.000000     360.000000      45.000000      45.000000      90.000000      90.000000
    -40.00    -15.00      23.119301       0.000000       0.000000        24      23.0      24.0       0.222827     180.000000     360.000000      45.000000      45.000000      90.000000      90.000000
    -40.00    -10.00      18.746201       0.000000       0.000000        24      23.0      24.0       0.222827     180.000000     360.000000      45.000000      45.000000      90.000000      90.000000
    -40.00     -5.00      14.373100       0.000000       0.000000        24      23.0      24.0       0.222827     180.000000     360.000000      45.000000      45.000000      90.000000      90.000000
    -40.00      0.00      10.000000       0.000000       0.000000        24      23.0      24.0       0.222827     180.000000     360.000000      45.000000      45.000000      90.000000      90.000000
    -40.00      5.00       5.626900       0.000000       0.000000        24      23.0      24.0       0.222827     180.000000     360.000000      45.000000      45.000000      90.000000      90.000000
    -30.00    -20.00      27.492390       0.000000       0.000000        24      23.0      24.0       0.222827     180.000000     360.000000      45.000000      45.000000      90.000000      90.000000
    -30.00    -15.00      23.119301       0.000000       0.000000        24      23.0      24.0       0.222827     180.000000     360.000000      45.000000      45.000000      90.000000      90.000000
    -30.00    -10.00      18.746201       0.000000       0.000000        24      23.0      24.0       0.222827     180.000000     360.000000      45.000000      45.000000      90.000000      90.000000
    -30.00     -5.00      14.373100       0.000000       0.000000        24      23.0      24.0       0.222827     180.000000     360.000000      45.000000      45.000000      90.000000      90.000000
    -30.00      0.00      10.000000       0.000000       0.000000        24      23.0      24.0       0.222827     180.000000     360.000000      45.000000      45.000000      90.000000      90.000000
    -30.00      5.00       5.626900       0.000000       0.000000        24      23.0      24.0       0.222827     180.000000     360.000000      45.000000      45.000000      90.000000      90.000000
    -20.00    -20.00      27.492390       0.000000       0.000000        24      23.0      24.0       0.222827     180.000000     360.000000      45.000000      45.000000      90.000000      90.000000
    -20.00    -15.00      23.119301       0.000000       0.000000        24      23.0      24.0       0.222827     180.000000     360.000000      45.000000      45.000000      90.000000      90.000000
    -20.00    -10.00      18.746201       0.000000       0.000000        24      23.0      24.0       0.222827     180.000000     360.000000      45.000000      45.000000      90.000000      90.000000
    -20.00     -5.00      14.373100       0.000000       0.000000        24      23.0      24.0       0.222827     180.000000     360.000000      45.000000      45.000000      90.000000      90.000000
    -20.00      0.00      10.000000       0.000000       0.000000        24      23.0      24.0       0.222827     180.000000     360.000000      45.000000      45.000000      90.000000      90.000000
    -20.00      5.00       5.626900       0.000000       0.000000        24      23.0      24.0       0.222827     180.000000     360.000000      45.000000      45.000000      90.000000      90.000000
    -10.00    -20.00      27.492390       0.000000       0.000000        24      23.0      24.0       0.222827     180.000000     360.000000      45.000000      45.000000      90.000000      90.000000
    -10.00    -15.00      23.119301       0.000000       0.000000        24      23.0      24.0       0.222827     180.000000     360.000000      45.000000      45.000000      90.000000      90.000000
    -10.00    -10.00      18.746201       0.000000       0.000000        24      23.0      24.0       0.222827     180.000000     360.000000      45.000000      45.000000      90.000000      90.000000
    -10.00     -5.00      14.373100       0.000000       0.000000        24      23.0      24.0       0.222827     180.000000     360.000000      45.000000      45.000000      90.000000      90.000000
    -10.00      0.00      10.000000       0.000000       0.000000        24      23.0      24.0       0.222827     180.000000     360.000000      45.000000      45.000000      90.000000      90.000000
    -10.00      5.00       5.626900       0.000000       0.000000        24      23.0      24.0       0.222827     180.000000     360.000000      45.000000      45.000000      90.000000      90.000000
      0.00    -20.00      27.492390       0.000000       0.000000        24      23.0      24.0       0.222827     180.000000     360.000000      45.000000      45.000000      90.000000      90.000000
      0.00    -15.00      23.119301       0.000000       0.000000        24      23.0      24.0       0.222827     180.000000     360.000000      45.000000      45.000000      90.000000      90.000000
      0.00    -10.00      18.746201       0.000000       0.000000        24      23.0      24.0       0.222827     180.000000     360.000000      45.000000      45.000000      90.000000      90.000000
      0.00     -5.00      14.373100       0.000000       0.000000        24      23.0      24.0       0.222827     180.000000     360.000000      45.000000      45.000000      90.000000      90.000000
      0.00      0.00      10.000000       0.000000       0.000000        24      23.0      24.0       0.222827     180.000000     360.000000      45.000000      45.000000      90.000000      90.000000
      0.00      5.00       5.626900       0.000000       0.000000        24      23.0      24.0       0.222827     180.000000     360.000000      45.000000      45.000000      90.000000      90.000000
     10.00    -20.00      27.492390       0.000000       0.000000        24      23.0      24.0       0.222827     180.000000     360.000000      45.000000      45.000000      90.000000      90.000000
     10.00    -15.00      23.119301       0.000000       0.000000        24      23.0      24.0       0.222827     180.000000     360.000000      45.000000      45.000000      90.000000      90.000000
     10.00    -10.00      18.746201       0.000000       0.000000        24      23.0      24.0       0.222827     180.000000     360.000000      45.000000      45.000000      90.000000      90.000000
     10.00     -5.00      14.373100       0.000000       0.000000        24      23.0      24.0       0.222827     180.000000     360.000000      45.000000      45.000000      90.000000      90.000000
     10.00      0.00      10.000000       0.000000       0.000000        24      23.0      24.0       0.222827     180.000000     360.000000      45.000000      45.000000      90.000000      90.000000
     10.00      5.00       5.626900       0.000000       0.000000        24      23.0      24.0       0.222827     180.000000     360.000000      45.000000      45.000000      90.000000      90.000000
     20.00    -20.00      27.492390       0.000000       0.000000        24      23.0      24.0       0.222827     180.000000     360.000000      45.000000      45.000000      90.000000      90.000000
     20.00    -15.00      23.119301       0.000000       0.000000        24      23.0      24.0       0.222827     180.000000     360.000000      45.000000      45.000000      90.000000      90.000000
     20.00    -10.00      18.746201       0.000000       0.000000        24      23.0      24.0       0.222827     180.000000     360.000000      45.000000      45.000000      90.000000      90.000000
     20.00     -5.00      14.373100       0.000000       0.000000        24      23.0      24.0       0.222827     180.000000     360.000000      45.000000      45.000000      90.000000      90.000000
     20.00      0.00      10.000000       0.000000       0.000000        24      23.0      24.0       0.222827     180.000000     360.000000      45.000000      45.000000      90.000000      90.000000
     20.00      5.00       5.626900       0.000000       0.000000        24      23.0      24.0       0.222827     180.000000     360.000000      45.000000      45.000000      90.000000      90.000000
     30.00    -20.00      27.492390       0.000000       0.000000        24      23.0      24.0       0.222827     180.000000     360.000000      45.000000      45.000000      90.000000      90.000000
     30.00    -15.00      23.119301       0.000000       0.000000        24      23.0      24.0       0.222827     180.000000     360.000000      45.000000      45.000000      90.000000      90.000000
     30.00    -10.00      18.746201       0.000000       0.000000        24      23.0      24.0       0.222827     180.000000     360.000000      45.000000      45.000000      90.000000      90.000000
     30.00     -5.00      14.373100       0.000000       0.000000        24      23.0      24.0       0.222827     180.000000     360.000000      45.000000      45.000000      90.000000      90.000000
     30.00      0.00      10.000000       0.000000       0.000000        24      23.0      24.0       0.222827     180.000000     360.000000      45.000000      45.000000      90.000000      90.000000
     30.00      5.00       5.626900       0.000000       0.000000        24      23.0      24.0       0.222827     180.000000     360.000000      45.000000      45.000000      90.000000      90.000000
     40.00    -20.00      27.492390       0.000000       0.000000        24      23.0      24.0       0.222827     180.000000     360.000000      45.000000      45.000000      90.000000      90.000000
     40.00    -15.00      23.119301       0.000000       0.000000        24      23.0      24.0       0.222827     180.000000     360.000000      45.000000      45.000000      90.000000      90.000000
     40.00    -10.00      18.746201       0.000000       0.000000        24      23.0      24.0       0.222827     180.000000     360.000000      45.000000      45.000000      90.000000      90.000000
     40.00     -5.00      14.373100       0.000000       0.000000        24      23.0      24.0       0.222827     180.000000     360.000000      45.000000      45.000000      90.000000      90.000000
     40.00      0.00      10.000000       0.000000       0.000000        24      23.0      24.0       0.222827     180.000000     360.000000      45.000000      45.000000      90.000000      90.000000
     40.00      5.00       5.626900       0.000000       0.000000        24      23.0      24.0       0.222827     180.000000     360.000000      45.000000      45.000000      90.000000      90.000000
     50.00    -20.00      27.492390       0.025670       0.025670        24      23.0      24.0       0.222827      41.740002     243.250000      60.360001      31.450001      78.970001     108.580002
     50.00    -15.00      23.119301       0.015911       0.015911        24      23.0      24.0       0.222827     160.889999     251.300003      75.349998      88.430000      -1.630000    -165.339996
     50.00    -10.00      18.746201       0.011027       0.011027        24      23.0      24.0       0.222827     168.789993     311.239990      77.839996      15.200000     -80.800003    -126.570000
     50.00     -5.00      14.373100       0.009968       0.009968        24      23.0      24.0       0.222827      14.000000     274.850006      20.240000      86.650002    -170.259995     -70.029999
     50.00      0.00      10.000000       0.016286       0.016286        24      23.0      24.0       0.222827     223.580002       0.030000      11.530000      81.589996     132.960007      82.089996
     50.00      5.00       5.626900       0.014403       0.014403        24      23.0      24.0       0.222827     170.320007       5.480000      12.620000      77.800003      75.190002      93.279999
